Episode:  0 / 20 Score:  63 epsilon:  0.48410443783967744 ação:  1 TempoEpisodio: 4006.1867940425873 Reward: -10
listaacao: [1, 0, 1, 0, 0, 1, 0, 0, 1, 1, 1, 1, 0, 1, 0, 1, 1, 0, 1, 1, 0, 1, 1, 0, 1, 1, 1, 1, 0, 0, 0, 0, 1, 0, 0, 0, 1, 0, 1, 1, 0, 1, 0, 1, 1, 0, 0, 0, 0, 0, 1, 1, 1, 0, 1, 0, 0, 0, 0, 1, 1, 0, 1, 1]
listaRecompensa: [0, -10, -10, 10, 10, -10, 10, -10, -10, -10, 10, 10, -10, 10, -10, 10, -10, 10, 10, -10, 10, -10, -10, 10, -10, 10, -10, -10, -10, 10, 10, 10, 10, 10, -10, 10, -10, -10, 10, 10, 10, 10, -10, -10, -10, -10, 10, -10, 10, 10, -10, -10, -10, -10, -10, 10, 10, 10, 10, -10, -10, 10, -10, -10]
Medias: [(0, 0, 0), (167, 111, 2), (278, 183, 0), (265, 176, 0), (180, 119, 0), (426, 280, 0), (225, 147, 0), (263, 174, 1), (377, 251, 0), (296, 196, 0), (5224, 3482, 52), (241, 159, 1), (3791, 2527, 49), (731, 487, 41), (4258, 2837, 48), (265, 177, 54), (328, 216, 0), (203, 133, 0), (3934, 2622, 53), (194, 130, 0), (182, 123, 0), (301, 197, 0), (284, 190, 0), (297, 195, 0), (216, 143, 0), (5022, 3347, 26), (213, 141, 0), (292, 192, 0), (5362, 3575, 50), (182, 121, 0), (233, 155, 0), (306, 204, 0), (4955, 3302, 0), (331, 224, 0), (233, 155, 1), (175, 113, 0), (311, 208, 0), (4234, 2820, 27), (320, 214, 24), (194, 130, 4), (255, 170, 0), (2574, 1712, 0), (2389, 1590, 48), (237, 160, 0), (208, 139, 0), (523, 345, 1), (282, 183, 0), (3867, 2576, 0), (319, 213, 0), (233, 157, 0), (245, 161, 0), (271, 178, 0), (252, 166, 0), (353, 233, 5), (294, 195, 0), (391, 261, 0), (172, 115, 0), (216, 143, 0), (242, 163, 0), (261, 172, 0), (204, 139, 0), (234, 156, 0), (290, 194, 0), (202, 129, 0)]
Episode:  1 / 20 Score:  63 epsilon:  0.1840169447233663 ação:  1 TempoEpisodio: 4044.55291223526 Reward: 10
listaacao: [0, 0, 0, 1, 0, 1, 1, 0, 1, 0, 0, 1, 0, 1, 0, 0, 0, 1, 1, 1, 1, 1, 1, 1, 0, 1, 0, 1, 1, 0, 1, 0, 1, 1, 0, 0, 0, 0, 0, 0, 1, 0, 0, 0, 0, 0, 0, 0, 0, 1, 0, 0, 1, 0, 0, 0, 0, 0, 0, 0, 0, 0, 0, 1]
listaRecompensa: [0, 10, 10, -10, 10, -10, -10, -10, 10, 10, 10, -10, -10, 10, 10, 10, 10, -10, 10, -10, -10, 10, 10, 10, 10, -10, 10, -10, -10, 10, -10, 10, 10, -10, 10, -10, 10, 10, 10, 10, -10, 10, 10, 10, 10, 10, 10, 10, 10, 10, 10, 10, -10, 10, 10, 10, 10, 10, 10, 10, 10, 10, 10, 10]
Medias: [(0, 0, 0), (311, 211, 0), (355, 235, 0), (215, 144, 0), (505, 335, 0), (505, 335, 0), (526, 346, 0), (1817, 1211, 58), (2439, 1624, 41), (479, 316, 0), (617, 408, 0), (414, 275, 0), (378, 254, 1), (3567, 2378, 2), (455, 301, 0), (427, 284, 0), (381, 254, 0), (540, 362, 0), (4894, 3262, 43), (214, 141, 0), (250, 168, 0), (196, 129, 1), (5197, 3465, 52), (5214, 3475, 45), (186, 122, 0), (195, 128, 0), (348, 232, 0), (251, 168, 0), (184, 122, 0), (213, 141, 0), (195, 126, 0), (244, 162, 0), (3762, 2507, 52), (219, 146, 0), (376, 248, 0), (297, 193, 2), (288, 190, 0), (290, 195, 0), (386, 257, 0), (248, 166, 0), (297, 197, 0), (215, 144, 0), (254, 170, 0), (192, 125, 0), (203, 134, 0), (296, 193, 0), (171, 111, 0), (195, 131, 0), (347, 232, 0), (5184, 3456, 0), (344, 230, 0), (275, 184, 0), (275, 184, 0), (170, 108, 0), (466, 312, 0), (202, 135, 0), (166, 106, 0), (417, 279, 0), (531, 355, 0), (200, 136, 0), (381, 255, 0), (159, 104, 0), (652, 436, 0), (3413, 2274, 0)]
Episode:  2 / 20 Score:  63 epsilon:  0.06994820393804511 ação:  1 TempoEpisodio: 4046.988829135895 Reward: 10
listaacao: [1, 0, 1, 0, 0, 0, 0, 1, 1, 1, 0, 0, 0, 1, 0, 1, 1, 0, 1, 1, 0, 0, 0, 0, 0, 1, 0, 0, 1, 0, 1, 0, 0, 0, 0, 0, 0, 1, 0, 1, 0, 0, 0, 0, 1, 0, 1, 0, 0, 0, 1, 1, 1, 0, 1, 0, 0, 1, 0, 1, 1, 0, 1, 1]
listaRecompensa: [0, -10, -10, 10, 10, 10, 10, 10, 10, 10, 10, 10, 10, -10, 10, -10, 10, 10, 10, -10, -10, -10, 10, 10, 10, 10, -10, 10, 10, 10, -10, 10, 10, 10, 10, -10, -10, -10, 10, 10, 10, 10, 10, 10, 10, -10, 10, -10, -10, 10, 10, -10, 10, 10, 10, -10, -10, 10, 10, -10, -10, 10, 10, 10]
Medias: [(0, 0, 0), (307, 202, 1), (341, 224, 0), (217, 144, 0), (271, 179, 0), (226, 145, 0), (258, 172, 0), (3264, 2175, 0), (4620, 3080, 20), (575, 378, 22), (375, 249, 0), (192, 125, 0), (253, 166, 0), (167, 110, 0), (226, 149, 0), (175, 115, 0), (4361, 2907, 29), (411, 274, 0), (229, 153, 2), (171, 114, 0), (570, 378, 1), (539, 359, 2), (240, 159, 0), (167, 107, 0), (160, 102, 0), (5341, 3561, 0), (185, 125, 1), (268, 178, 0), (4517, 3010, 0), (183, 119, 0), (553, 366, 0), (193, 130, 0), (268, 176, 0), (385, 255, 0), (380, 254, 0), (2135, 1419, 0), (1321, 879, 0), (217, 142, 0), (288, 195, 0), (3652, 2435, 0), (425, 283, 0), (177, 119, 0), (234, 157, 0), (205, 103, 0), (4187, 2791, 0), (469, 312, 1), (4512, 3009, 43), (473, 320, 2), (275, 182, 26), (178, 115, 0), (4335, 2890, 0), (234, 158, 0), (4416, 2943, 42), (166, 106, 0), (4789, 3193, 56), (5109, 3407, 47), (4478, 2986, 52), (4044, 2695, 0), (188, 125, 0), (200, 132, 0), (224, 147, 0), (260, 173, 0), (213, 143, 1), (731, 486, 28)]
Episode:  3 / 20 Score:  63 epsilon:  0.02658859074914894 ação:  0 TempoEpisodio: 4048.553804397583 Reward: 10
listaacao: [1, 1, 0, 0, 0, 0, 0, 0, 0, 0, 1, 0, 0, 1, 0, 0, 0, 0, 0, 0, 0, 0, 0, 0, 0, 1, 1, 0, 0, 0, 0, 1, 1, 0, 0, 0, 0, 0, 1, 0, 0, 0, 0, 1, 0, 0, 0, 0, 1, 1, 1, 0, 0, 0, 0, 0, 0, 0, 0, 0, 0, 0, 0, 0]
listaRecompensa: [0, 10, 10, 10, 10, 10, 10, 10, 10, 10, 10, 10, 10, -10, 10, 10, 10, 10, 10, 10, 10, 10, 10, 10, -10, 10, 10, 10, -10, -10, 10, 10, 10, 10, 10, 10, 10, 10, -10, 10, 10, 10, 10, 10, 10, 10, 10, 10, 10, 10, -10, 10, -10, 10, -10, -10, -10, -10, -10, 10, 10, 10, 10, 10]
Medias: [(0, 0, 0), (1335, 888, 43), (330, 223, 0), (206, 134, 0), (243, 160, 0), (199, 136, 0), (241, 161, 0), (187, 121, 0), (141, 92, 0), (245, 162, 0), (4295, 2863, 0), (175, 116, 0), (393, 216, 0), (449, 289, 0), (294, 193, 0), (317, 211, 0), (148, 97, 0), (579, 385, 0), (169, 110, 0), (312, 209, 0), (430, 285, 0), (452, 301, 0), (309, 207, 0), (183, 117, 0), (1131, 756, 0), (4323, 2881, 0), (3163, 2107, 25), (310, 204, 0), (2301, 1534, 0), (2264, 1508, 0), (343, 231, 0), (3289, 2192, 0), (1140, 756, 42), (172, 113, 0), (176, 114, 0), (183, 118, 0), (348, 232, 0), (232, 152, 0), (172, 112, 0), (442, 294, 0), (188, 123, 0), (445, 297, 0), (181, 122, 0), (4239, 2826, 0), (467, 311, 0), (355, 234, 0), (382, 253, 0), (167, 107, 0), (4735, 3157, 0), (4551, 3032, 47), (190, 127, 0), (436, 288, 0), (3133, 2087, 29), (231, 156, 0), (1357, 906, 0), (3218, 2142, 0), (1741, 1159, 0), (4795, 3195, 0), (2085, 1392, 0), (309, 206, 0), (232, 155, 0), (318, 211, 0), (386, 260, 0), (297, 195, 0)]
Episode:  4 / 20 Score:  63 epsilon:  0.010106809299233686 ação:  0 TempoEpisodio: 4047.6709439754486 Reward: 10
listaacao: [1, 0, 1, 0, 1, 0, 0, 1, 1, 0, 0, 0, 1, 0, 0, 0, 0, 0, 0, 0, 0, 0, 0, 0, 0, 0, 1, 0, 0, 0, 0, 0, 0, 1, 0, 0, 0, 0, 0, 1, 0, 0, 0, 0, 0, 0, 0, 0, 0, 0, 0, 1, 0, 1, 1, 0, 0, 0, 0, 0, 0, 0, 0, 0]
listaRecompensa: [0, 10, 10, 10, 10, 10, 10, 10, 10, 10, 10, 10, 10, -10, 10, 10, 10, 10, 10, 10, 10, 10, 10, 10, 10, -10, -10, 10, 10, 10, 10, 10, 10, 10, 10, 10, 10, 10, 10, 10, 10, -10, 10, -10, 10, 10, 10, 10, 10, 10, 10, -10, 10, 10, 10, -10, -10, 10, 10, 10, -10, 10, 10, 10]
Medias: [(0, 0, 0), (206, 138, 0), (3736, 2488, 54), (288, 191, 0), (5013, 3341, 27), (275, 183, 0), (353, 234, 0), (4886, 3258, 0), (3626, 2418, 27), (563, 374, 0), (268, 177, 0), (400, 266, 0), (4766, 3177, 0), (4401, 2934, 49), (309, 206, 0), (744, 494, 0), (260, 172, 0), (338, 226, 0), (298, 196, 0), (171, 112, 0), (163, 109, 0), (238, 157, 0), (300, 198, 0), (170, 112, 0), (213, 139, 0), (3556, 2371, 0), (983, 654, 0), (352, 235, 0), (177, 117, 0), (206, 138, 0), (233, 155, 0), (225, 150, 0), (242, 159, 0), (5533, 3689, 0), (336, 220, 0), (263, 175, 0), (699, 465, 0), (233, 155, 0), (478, 320, 0), (2840, 1894, 0), (319, 210, 0), (198, 133, 1), (311, 208, 0), (4758, 3172, 0), (177, 116, 0), (519, 345, 0), (199, 129, 0), (204, 135, 0), (273, 179, 0), (211, 101, 0), (146, 96, 0), (180, 113, 0), (435, 291, 0), (3018, 2013, 0), (1433, 951, 15), (220, 144, 1), (530, 353, 1), (191, 123, 0), (175, 117, 0), (163, 103, 0), (5063, 3374, 0), (206, 138, 0), (172, 109, 0), (197, 132, 0)]
Episode:  5 / 20 Score:  63 epsilon:  0.009955207159745181 ação:  0 TempoEpisodio: 4050.7472281455994 Reward: 10
listaacao: [1, 1, 1, 0, 0, 0, 0, 0, 1, 0, 0, 0, 0, 0, 0, 1, 0, 1, 0, 1, 1, 0, 0, 0, 1, 1, 0, 0, 0, 0, 0, 0, 0, 0, 0, 0, 0, 0, 0, 0, 0, 0, 0, 0, 0, 0, 1, 0, 0, 0, 0, 0, 0, 1, 1, 0, 0, 0, 0, 0, 0, 0, 0, 0]
listaRecompensa: [0, 10, 10, 10, 10, 10, 10, 10, 10, -10, 10, -10, 10, 10, -10, 10, -10, 10, -10, 10, 10, 10, -10, 10, 10, 10, -10, -10, 10, 10, 10, 10, 10, 10, 10, -10, 10, 10, 10, -10, 10, 10, 10, 10, 10, -10, 10, 10, 10, 10, 10, 10, 10, -10, 10, 10, 10, 10, 10, 10, 10, 10, 10, 10]
Medias: [(0, 0, 0), (3732, 2489, 39), (5241, 3494, 44), (392, 262, 0), (205, 138, 0), (477, 320, 0), (201, 133, 0), (408, 273, 0), (3597, 2397, 0), (339, 226, 1), (357, 239, 0), (3756, 2503, 0), (393, 260, 0), (271, 179, 0), (2854, 1903, 0), (2527, 1687, 0), (2299, 1529, 44), (2257, 1503, 52), (3160, 2109, 43), (4276, 2851, 56), (1112, 676, 39), (187, 124, 0), (4856, 3238, 52), (359, 239, 0), (4616, 3077, 0), (5156, 3438, 51), (5156, 3438, 51), (3611, 2408, 41), (164, 105, 0), (387, 255, 0), (324, 216, 0), (198, 133, 0), (187, 119, 0), (198, 128, 0), (455, 303, 0), (4564, 3042, 0), (183, 119, 0), (215, 142, 0), (253, 162, 0), (4428, 2953, 0), (260, 176, 0), (159, 103, 0), (178, 113, 0), (538, 358, 0), (271, 180, 0), (2394, 1595, 0), (1778, 1183, 0), (357, 237, 0), (248, 162, 0), (446, 295, 0), (214, 142, 0), (386, 255, 0), (199, 128, 0), (285, 159, 0), (5208, 3472, 45), (813, 540, 0), (215, 134, 0), (301, 200, 0), (707, 471, 0), (192, 131, 0), (186, 129, 0), (255, 167, 0), (185, 124, 0), (247, 163, 0)]
Episode:  6 / 20 Score:  63 epsilon:  0.009955207159745181 ação:  1 TempoEpisodio: 4052.1892778873444 Reward: 10
listaacao: [1, 1, 0, 0, 0, 0, 0, 0, 1, 1, 0, 0, 0, 0, 0, 1, 1, 1, 0, 0, 0, 1, 0, 0, 1, 1, 0, 0, 0, 0, 0, 0, 1, 0, 0, 0, 1, 1, 0, 1, 1, 0, 1, 0, 1, 0, 0, 0, 0, 0, 0, 1, 0, 0, 0, 0, 0, 1, 0, 0, 1, 1, 0, 1]
listaRecompensa: [0, 10, 10, 10, 10, 10, -10, 10, 10, 10, -10, 10, 10, 10, 10, 10, 10, 10, 10, 10, 10, 10, -10, -10, 10, -10, -10, 10, 10, 10, 10, 10, 10, -10, -10, 10, -10, 10, 10, 10, 10, 10, 10, 10, 10, 10, 10, -10, 10, 10, 10, 10, 10, 10, 10, 10, 10, 10, 10, 10, 10, 10, 10, 10]
Medias: [(0, 0, 0), (4547, 3033, 54), (166, 110, 0), (306, 204, 0), (392, 260, 0), (307, 204, 0), (3393, 2261, 0), (197, 127, 0), (1312, 873, 0), (4137, 2757, 43), (2104, 1402, 45), (444, 296, 0), (288, 189, 0), (239, 155, 0), (282, 188, 0), (3666, 2440, 0), (3874, 2584, 43), (4592, 3059, 44), (236, 156, 0), (236, 156, 0), (336, 224, 0), (4210, 2807, 0), (358, 241, 1), (291, 193, 7), (5400, 3602, 0), (319, 214, 0), (4549, 3032, 43), (613, 410, 0), (216, 143, 0), (377, 249, 0), (431, 289, 0), (161, 109, 0), (3002, 2001, 0), (3143, 2094, 34), (233, 156, 3), (167, 106, 0), (450, 300, 0), (254, 169, 1), (210, 139, 0), (3020, 2015, 0), (1839, 1226, 13), (268, 179, 0), (221, 144, 3), (216, 145, 0), (3817, 2546, 8), (459, 307, 0), (410, 275, 0), (2622, 1749, 0), (390, 254, 0), (328, 218, 0), (479, 320, 0), (4608, 3072, 0), (216, 145, 0), (231, 154, 0), (335, 220, 0), (179, 119, 0), (278, 182, 0), (4332, 2888, 0), (211, 141, 0), (192, 128, 0), (3920, 2612, 0), (267, 180, 3), (220, 145, 0), (1361, 908, 0)]
Episode:  7 / 20 Score:  63 epsilon:  0.009955207159745181 ação:  0 TempoEpisodio: 4050.4269206523895 Reward: 10
listaacao: [1, 0, 0, 0, 0, 1, 0, 1, 0, 0, 0, 0, 0, 1, 0, 0, 0, 1, 0, 0, 0, 0, 0, 0, 0, 0, 0, 0, 0, 0, 0, 0, 0, 0, 0, 0, 0, 0, 0, 1, 0, 1, 0, 1, 0, 0, 0, 0, 0, 0, 0, 1, 1, 0, 0, 0, 0, 1, 1, 0, 1, 1, 0, 0]
listaRecompensa: [0, 10, -10, -10, -10, 10, 10, 10, 10, 10, 10, 10, 10, 10, -10, 10, 10, 10, 10, 10, 10, 10, 10, 10, 10, -10, 10, -10, -10, 10, 10, 10, 10, 10, 10, 10, 10, 10, 10, -10, 10, 10, 10, -10, 10, 10, 10, -10, 10, 10, -10, 10, 10, 10, 10, 10, 10, 10, 10, 10, 10, 10, 10, 10]
Medias: [(0, 0, 0), (267, 178, 0), (2079, 1387, 9), (1102, 734, 0), (3158, 2108, 0), (1686, 1122, 0), (284, 188, 0), (3105, 2069, 1), (275, 184, 0), (205, 136, 0), (244, 162, 0), (220, 147, 0), (180, 119, 0), (4414, 2944, 0), (624, 417, 9), (207, 135, 0), (179, 118, 0), (4025, 2683, 0), (180, 121, 0), (167, 107, 0), (240, 159, 0), (188, 121, 0), (307, 206, 0), (189, 121, 0), (173, 115, 0), (4252, 2837, 0), (213, 141, 0), (1082, 719, 0), (2685, 1786, 0), (170, 112, 0), (228, 147, 0), (283, 191, 0), (323, 213, 0), (262, 176, 0), (331, 219, 0), (263, 171, 0), (206, 131, 0), (181, 121, 0), (366, 242, 0), (174, 109, 0), (440, 290, 0), (5485, 3656, 41), (181, 119, 0), (229, 151, 0), (201, 132, 0), (241, 156, 0), (350, 233, 0), (4034, 2688, 0), (284, 190, 0), (278, 187, 0), (4194, 2796, 0), (4228, 2820, 0), (4873, 3248, 57), (168, 112, 0), (186, 119, 0), (325, 214, 0), (209, 140, 0), (1063, 706, 0), (2411, 1607, 24), (154, 102, 0), (2558, 1702, 0), (1844, 1229, 26), (212, 140, 0), (199, 129, 0)]
Episode:  8 / 20 Score:  63 epsilon:  0.009955207159745181 ação:  0 TempoEpisodio: 4051.601971387863 Reward: 10
listaacao: [0, 0, 0, 0, 0, 0, 1, 0, 0, 0, 0, 0, 0, 0, 1, 0, 1, 0, 0, 0, 0, 0, 0, 0, 1, 0, 1, 1, 1, 0, 1, 0, 0, 0, 0, 0, 0, 0, 1, 0, 0, 0, 0, 0, 1, 0, 1, 0, 0, 0, 1, 0, 0, 0, 0, 0, 0, 0, 1, 0, 1, 0, 0, 0]
listaRecompensa: [0, 10, 10, 10, 10, 10, 10, -10, 10, 10, 10, 10, 10, 10, 10, -10, 10, -10, 10, 10, 10, 10, -10, 10, -10, -10, 10, 10, 10, -10, -10, 10, 10, 10, 10, 10, 10, 10, 10, -10, 10, 10, 10, 10, 10, -10, 10, 10, 10, 10, 10, -10, 10, 10, 10, 10, 10, 10, 10, 10, 10, 10, 10, 10]
Medias: [(0, 0, 0), (182, 120, 0), (229, 155, 0), (222, 148, 0), (165, 109, 0), (297, 197, 0), (3781, 2523, 0), (331, 221, 1), (308, 205, 0), (262, 173, 0), (230, 152, 0), (200, 133, 0), (795, 529, 0), (364, 243, 0), (4357, 2905, 0), (3448, 2300, 39), (3571, 2382, 52), (4369, 2913, 44), (225, 148, 0), (329, 220, 0), (419, 276, 0), (780, 520, 0), (2720, 1812, 0), (671, 447, 0), (363, 244, 0), (302, 203, 1), (2279, 1520, 16), (1263, 844, 44), (3523, 2348, 54), (815, 544, 24), (349, 201, 0), (183, 111, 0), (278, 184, 0), (618, 413, 0), (236, 152, 0), (179, 119, 0), (690, 460, 0), (345, 226, 0), (4560, 3030, 0), (526, 349, 2), (159, 100, 0), (870, 579, 0), (216, 142, 0), (409, 272, 0), (4700, 3133, 0), (226, 148, 1), (4413, 2942, 56), (258, 170, 0), (164, 110, 0), (254, 169, 0), (1577, 1049, 0), (3054, 2037, 38), (251, 170, 0), (166, 103, 0), (277, 179, 0), (171, 116, 0), (318, 209, 0), (285, 189, 0), (4006, 2670, 0), (195, 133, 0), (5372, 3581, 57), (176, 117, 0), (363, 240, 0), (380, 252, 0)]
Episode:  9 / 20 Score:  63 epsilon:  0.009955207159745181 ação:  0 TempoEpisodio: 4052.814211130142 Reward: 10
listaacao: [0, 0, 0, 1, 0, 1, 0, 0, 0, 1, 0, 0, 0, 0, 0, 0, 1, 1, 1, 1, 0, 0, 1, 0, 0, 0, 0, 0, 1, 0, 0, 0, 0, 1, 1, 0, 0, 0, 1, 1, 0, 0, 0, 0, 0, 0, 0, 0, 0, 1, 1, 1, 0, 0, 0, 0, 0, 1, 1, 0, 1, 0, 1, 0]
listaRecompensa: [0, 10, 10, 10, -10, 10, 10, 10, 10, -10, 10, 10, 10, 10, 10, 10, -10, -10, 10, 10, 10, 10, 10, 10, 10, 10, 10, 10, 10, 10, -10, 10, 10, -10, 10, -10, 10, 10, -10, 10, 10, -10, 10, 10, -10, -10, 10, 10, -10, 10, 10, 10, -10, 10, 10, 10, 10, 10, 10, -10, 10, 10, 10, 10]
Medias: [(0, 0, 0), (266, 175, 0), (304, 205, 0), (4859, 3240, 0), (271, 183, 3), (5174, 3450, 43), (214, 140, 0), (161, 104, 0), (171, 116, 0), (366, 243, 0), (506, 338, 0), (225, 149, 0), (210, 134, 0), (218, 144, 0), (176, 117, 0), (345, 225, 0), (203, 130, 0), (246, 164, 0), (2495, 1661, 52), (2027, 1353, 45), (276, 182, 0), (199, 133, 0), (3874, 2581, 0), (227, 150, 0), (480, 320, 0), (339, 228, 0), (175, 115, 0), (213, 142, 0), (4883, 3257, 0), (322, 213, 0), (3437, 2294, 52), (235, 154, 0), (296, 200, 0), (245, 160, 0), (3817, 2545, 17), (2176, 1358, 41), (228, 153, 0), (173, 114, 0), (207, 137, 0), (3186, 2122, 44), (98, 21, 0), (251, 169, 1), (289, 189, 0), (403, 266, 0), (2460, 1640, 0), (1615, 1077, 0), (236, 160, 0), (207, 138, 0), (3249, 2166, 0), (1095, 727, 0), (3326, 2218, 55), (4458, 2972, 43), (179, 111, 1), (183, 123, 0), (229, 150, 0), (328, 218, 0), (175, 111, 0), (4781, 3188, 0), (5062, 3374, 24), (341, 223, 9), (4991, 3328, 58), (234, 157, 0), (4160, 2774, 53), (445, 294, 0)]
Episode:  10 / 20 Score:  63 epsilon:  0.009955207159745181 ação:  1 TempoEpisodio: 4052.8101546764374 Reward: 10
listaacao: [1, 0, 0, 0, 0, 0, 0, 0, 0, 1, 1, 0, 1, 1, 0, 0, 1, 0, 0, 1, 0, 0, 0, 0, 0, 0, 1, 1, 0, 0, 1, 0, 1, 0, 0, 1, 0, 0, 0, 1, 1, 1, 0, 0, 1, 0, 0, 0, 1, 0, 0, 1, 0, 1, 0, 0, 0, 1, 0, 0, 1, 0, 1, 1]
listaRecompensa: [0, 10, 10, 10, 10, -10, 10, 10, -10, 10, 10, -10, 10, 10, -10, -10, 10, 10, 10, 10, 10, 10, 10, 10, 10, 10, -10, 10, 10, -10, 10, 10, 10, 10, -10, 10, 10, 10, 10, 10, 10, 10, 10, -10, 10, 10, 10, 10, -10, 10, -10, 10, 10, 10, 10, 10, 10, 10, 10, -10, 10, -10, 10, 10]
Medias: [(0, 0, 0), (211, 139, 0), (210, 139, 0), (253, 165, 0), (223, 146, 0), (2363, 1575, 0), (265, 174, 0), (166, 110, 0), (1508, 1003, 0), (2288, 1522, 0), (2036, 1358, 50), (1266, 845, 39), (2860, 1907, 0), (3845, 2563, 25), (524, 345, 16), (3203, 2138, 0), (4853, 3235, 0), (364, 242, 0), (159, 102, 0), (3811, 2541, 0), (193, 131, 0), (261, 173, 0), (191, 123, 0), (171, 108, 0), (254, 169, 0), (466, 310, 0), (302, 202, 0), (4586, 3058, 36), (275, 183, 0), (258, 172, 2), (5572, 3713, 0), (179, 111, 0), (4828, 3218, 24), (251, 168, 0), (1057, 704, 0), (2452, 1631, 0), (236, 155, 0), (288, 191, 0), (202, 129, 0), (2568, 1711, 0), (3583, 2390, 42), (1344, 898, 39), (286, 193, 0), (421, 283, 3), (3269, 2179, 0), (275, 182, 0), (517, 342, 0), (250, 163, 0), (271, 176, 0), (183, 122, 0), (281, 187, 12), (4266, 2845, 0), (295, 197, 0), (491, 325, 10), (363, 242, 0), (181, 119, 0), (274, 184, 0), (4128, 2753, 0), (372, 248, 0), (189, 120, 2), (4333, 2890, 0), (3663, 2442, 40), (4421, 2946, 17), (2688, 1795, 34)]
Episode:  11 / 20 Score:  63 epsilon:  0.009955207159745181 ação:  1 TempoEpisodio: 4052.4685683250427 Reward: -10
listaacao: [1, 1, 1, 1, 0, 0, 1, 1, 0, 0, 0, 1, 0, 0, 0, 1, 0, 0, 0, 1, 0, 1, 1, 0, 1, 0, 0, 0, 0, 0, 0, 0, 0, 0, 0, 0, 0, 0, 1, 0, 0, 1, 1, 0, 0, 1, 0, 1, 0, 0, 1, 0, 0, 0, 0, 1, 0, 0, 0, 1, 1, 0, 1, 1]
listaRecompensa: [0, 10, 10, 10, -10, 10, 10, 10, -10, 10, 10, 10, 10, 10, 10, -10, -10, 10, 10, 10, 10, -10, 10, -10, -10, 10, -10, 10, 10, 10, 10, 10, 10, 10, -10, 10, 10, 10, 10, 10, -10, 10, -10, 10, 10, 10, 10, 10, 10, 10, 10, 10, 10, 10, 10, -10, 10, 10, 10, -10, -10, -10, 10, -10]
Medias: [(0, 0, 0), (2350, 1567, 43), (1764, 1175, 38), (1725, 1148, 43), (320, 212, 32), (273, 180, 0), (3169, 2112, 0), (3917, 2611, 47), (276, 185, 4), (327, 215, 0), (289, 195, 0), (4061, 2708, 0), (189, 132, 0), (428, 285, 0), (238, 158, 0), (267, 176, 0), (3497, 2329, 43), (199, 130, 0), (422, 282, 0), (4956, 3304, 0), (204, 133, 0), (394, 263, 0), (3861, 2574, 51), (215, 143, 16), (259, 173, 0), (180, 118, 0), (181, 120, 2), (245, 160, 0), (367, 244, 0), (188, 126, 0), (181, 120, 0), (214, 143, 0), (222, 145, 0), (240, 159, 0), (2939, 1958, 0), (657, 437, 0), (275, 183, 0), (617, 410, 0), (4460, 2973, 0), (504, 332, 0), (496, 330, 13), (4500, 3001, 0), (159, 101, 0), (161, 107, 0), (350, 230, 0), (4594, 3062, 0), (168, 113, 0), (3477, 2319, 25), (170, 112, 0), (354, 230, 0), (4402, 2932, 0), (443, 292, 0), (339, 229, 0), (237, 157, 0), (175, 115, 0), (307, 203, 0), (302, 200, 0), (292, 195, 0), (322, 214, 0), (291, 193, 0), (323, 217, 0), (302, 202, 4), (1577, 1052, 1), (865, 578, 0)]
Episode:  12 / 20 Score:  63 epsilon:  0.009955207159745181 ação:  0 TempoEpisodio: 4051.036796808243 Reward: 10
listaacao: [1, 0, 0, 0, 0, 0, 0, 0, 0, 0, 0, 0, 0, 0, 0, 0, 0, 0, 0, 1, 0, 0, 0, 0, 0, 1, 1, 1, 0, 0, 1, 0, 0, 0, 1, 1, 1, 0, 0, 1, 0, 1, 0, 0, 0, 0, 0, 0, 1, 0, 1, 1, 0, 1, 0, 0, 0, 0, 0, 1, 1, 0, 0, 0]
listaRecompensa: [0, 10, 10, 10, 10, 10, 10, 10, 10, 10, 10, 10, 10, 10, 10, 10, 10, 10, 10, 10, 10, -10, 10, 10, 10, 10, 10, 10, -10, -10, -10, 10, 10, 10, 10, 10, 10, 10, 10, 10, -10, 10, 10, -10, 10, 10, 10, 10, -10, -10, 10, 10, -10, 10, 10, -10, 10, -10, 10, 10, 10, 10, 10, 10]
Medias: [(0, 0, 0), (465, 309, 0), (231, 155, 0), (315, 208, 0), (426, 285, 0), (338, 227, 0), (168, 115, 0), (534, 356, 0), (387, 255, 0), (216, 142, 0), (534, 353, 0), (211, 144, 0), (209, 137, 0), (274, 181, 0), (193, 126, 0), (154, 104, 0), (415, 275, 0), (202, 135, 0), (259, 168, 0), (4308, 2872, 0), (170, 111, 0), (156, 101, 1), (235, 158, 0), (366, 241, 0), (180, 117, 0), (1365, 909, 0), (5020, 3346, 40), (3426, 2283, 42), (4073, 2716, 39), (744, 497, 55), (181, 119, 0), (171, 113, 0), (203, 133, 0), (231, 150, 0), (5113, 3408, 0), (5184, 3456, 44), (3254, 2170, 40), (233, 155, 0), (180, 118, 0), (3529, 2350, 0), (223, 148, 1), (4530, 3020, 45), (222, 148, 0), (328, 218, 1), (288, 194, 0), (328, 217, 0), (202, 132, 0), (197, 132, 0), (188, 127, 0), (1758, 1173, 42), (3765, 2508, 17), (2549, 1700, 39), (2000, 1330, 49), (1602, 1067, 56), (213, 142, 0), (212, 138, 3), (319, 211, 0), (3270, 2179, 0), (164, 105, 0), (4707, 3057, 0), (3873, 2583, 47), (233, 153, 0), (551, 371, 0), (239, 160, 0)]
Episode:  13 / 20 Score:  63 epsilon:  0.009955207159745181 ação:  0 TempoEpisodio: 4052.020964860916 Reward: 10
listaacao: [0, 0, 1, 0, 1, 0, 1, 1, 0, 0, 0, 0, 0, 0, 0, 0, 0, 0, 1, 1, 0, 0, 0, 0, 0, 0, 0, 0, 0, 0, 0, 0, 0, 0, 1, 1, 0, 0, 0, 0, 0, 1, 0, 1, 0, 0, 0, 0, 1, 0, 1, 1, 0, 0, 0, 0, 0, 0, 1, 0, 0, 0, 0, 0]
listaRecompensa: [0, 10, 10, 10, 10, -10, 10, 10, 10, 10, 10, 10, 10, 10, 10, 10, 10, 10, 10, 10, -10, 10, -10, 10, -10, -10, 10, 10, 10, 10, 10, 10, 10, 10, -10, 10, -10, 10, -10, 10, -10, 10, -10, 10, 10, 10, 10, 10, -10, 10, 10, 10, 10, 10, 10, 10, 10, 10, 10, 10, 10, 10, 10, 10]
Medias: [(0, 0, 0), (358, 238, 0), (4449, 2966, 0), (459, 306, 0), (3912, 2608, 35), (1015, 675, 1), (4523, 3016, 3), (4593, 3063, 28), (186, 120, 0), (196, 128, 0), (178, 115, 0), (174, 109, 0), (393, 260, 0), (220, 144, 0), (293, 193, 0), (345, 232, 0), (316, 209, 0), (198, 128, 0), (2667, 1775, 0), (4308, 2874, 31), (742, 492, 34), (275, 183, 0), (3567, 2379, 0), (175, 116, 0), (3673, 2450, 0), (3191, 2128, 0), (177, 116, 0), (180, 115, 0), (194, 125, 0), (364, 239, 0), (637, 425, 0), (358, 241, 0), (306, 203, 0), (163, 111, 0), (207, 132, 0), (3867, 2577, 17), (5047, 3365, 43), (222, 148, 0), (3495, 2329, 0), (573, 384, 0), (3241, 2161, 0), (2783, 1854, 0), (974, 653, 56), (2044, 1360, 3), (594, 399, 0), (271, 181, 0), (187, 123, 0), (168, 108, 0), (262, 176, 0), (435, 287, 0), (2889, 1927, 0), (4405, 2937, 21), (170, 114, 0), (565, 377, 0), (511, 338, 0), (262, 171, 0), (178, 113, 0), (169, 109, 0), (4283, 2855, 0), (412, 275, 0), (184, 123, 0), (192, 125, 0), (246, 162, 0), (468, 315, 0)]
Episode:  14 / 20 Score:  63 epsilon:  0.009955207159745181 ação:  1 TempoEpisodio: 4058.4128670692444 Reward: 10
listaacao: [0, 0, 1, 0, 0, 1, 1, 0, 1, 1, 1, 1, 1, 0, 0, 0, 1, 0, 0, 0, 0, 0, 0, 0, 1, 1, 0, 1, 0, 0, 0, 0, 1, 1, 0, 0, 1, 1, 1, 0, 1, 0, 1, 0, 0, 0, 0, 0, 1, 0, 0, 0, 0, 0, 0, 1, 0, 0, 0, 0, 1, 0, 1, 1]
listaRecompensa: [0, 10, 10, 10, 10, 10, 10, 10, 10, 10, 10, 10, 10, -10, -10, 10, 10, -10, 10, 10, 10, 10, 10, 10, 10, 10, -10, 10, 10, 10, 10, 10, -10, 10, 10, 10, 10, 10, 10, 10, 10, 10, -10, 10, 10, 10, 10, 10, 10, -10, 10, 10, 10, 10, 10, 10, 10, 10, 10, 10, 10, -10, 10, 10]
Medias: [(0, 0, 0), (167, 110, 0), (3524, 2348, 0), (167, 105, 0), (293, 195, 0), (1030, 686, 0), (2954, 1970, 49), (262, 160, 0), (1820, 1199, 0), (1241, 825, 46), (2572, 1715, 48), (1401, 935, 25), (2725, 1816, 42), (594, 397, 19), (291, 196, 8), (159, 102, 0), (4563, 3041, 0), (272, 182, 2), (177, 116, 0), (271, 180, 0), (425, 283, 0), (158, 107, 0), (184, 121, 0), (288, 193, 0), (4583, 3055, 0), (4957, 3304, 31), (271, 180, 4), (4452, 2968, 41), (169, 108, 0), (308, 202, 0), (267, 177, 0), (384, 255, 0), (857, 571, 0), (1420, 946, 23), (201, 137, 0), (313, 207, 0), (2494, 1662, 0), (3751, 2501, 43), (1896, 1262, 33), (163, 107, 0), (3414, 2277, 1), (469, 312, 0), (193, 126, 0), (389, 259, 0), (214, 137, 0), (300, 200, 0), (431, 286, 0), (363, 244, 0), (4076, 2717, 0), (307, 203, 2), (219, 146, 0), (390, 257, 0), (445, 295, 0), (481, 320, 0), (201, 132, 0), (3371, 2248, 0), (573, 383, 0), (326, 217, 0), (299, 198, 0), (507, 338, 0), (3123, 2082, 0), (1828, 1219, 49), (3964, 2643, 38), (3400, 2263, 40)]
Episode:  15 / 20 Score:  63 epsilon:  0.009955207159745181 ação:  1 TempoEpisodio: 4055.8975813388824 Reward: 10
listaacao: [1, 0, 0, 0, 0, 0, 1, 0, 1, 0, 0, 0, 0, 1, 0, 0, 0, 0, 0, 0, 1, 0, 0, 1, 1, 0, 0, 0, 0, 0, 1, 0, 0, 0, 1, 0, 0, 0, 0, 0, 0, 0, 1, 1, 0, 0, 1, 0, 0, 1, 0, 0, 0, 1, 0, 0, 1, 0, 0, 0, 1, 0, 1, 1]
listaRecompensa: [0, 10, -10, 10, -10, 10, 10, -10, 10, 10, 10, 10, 10, 10, -10, 10, 10, 10, 10, 10, 10, 10, -10, 10, 10, 10, -10, 10, 10, 10, 10, 10, 10, 10, 10, 10, -10, 10, 10, 10, 10, 10, 10, 10, -10, 10, -10, 10, 10, -10, -10, -10, -10, 10, 10, -10, 10, -10, 10, 10, -10, 10, 10, 10]
Medias: [(0, 0, 0), (257, 169, 0), (305, 203, 8), (198, 128, 0), (3499, 2332, 0), (414, 275, 0), (4184, 2789, 0), (4706, 3138, 40), (5315, 3542, 45), (181, 118, 0), (236, 157, 0), (286, 190, 0), (185, 121, 0), (3628, 2419, 0), (544, 363, 4), (280, 185, 0), (162, 102, 0), (280, 186, 0), (387, 258, 0), (295, 196, 0), (4676, 3117, 0), (243, 162, 0), (1046, 697, 0), (3441, 2293, 0), (2561, 1707, 42), (277, 187, 0), (252, 171, 1), (249, 166, 0), (242, 159, 0), (216, 143, 0), (2977, 1984, 0), (785, 521, 0), (159, 102, 0), (169, 110, 0), (4319, 2878, 0), (192, 124, 0), (306, 202, 1), (385, 259, 0), (159, 105, 0), (155, 99, 0), (248, 166, 0), (382, 255, 0), (5346, 3564, 0), (3712, 2475, 29), (5228, 3485, 42), (325, 214, 0), (224, 150, 0), (260, 173, 0), (192, 131, 0), (326, 217, 0), (4010, 2672, 32), (3588, 2391, 44), (1165, 773, 0), (2385, 1586, 0), (295, 196, 0), (246, 163, 2), (2294, 1528, 0), (1532, 1019, 40), (276, 184, 0), (261, 173, 0), (402, 269, 0), (329, 219, 0), (4839, 3227, 56), (4469, 2979, 15)]
Episode:  16 / 20 Score:  63 epsilon:  0.009955207159745181 ação:  0 TempoEpisodio: 4055.622081041336 Reward: -10
listaacao: [1, 0, 0, 0, 1, 1, 1, 0, 0, 0, 0, 0, 0, 1, 1, 0, 1, 1, 1, 1, 1, 0, 0, 1, 0, 0, 0, 0, 0, 1, 0, 1, 1, 0, 0, 1, 1, 0, 1, 0, 0, 0, 0, 0, 0, 0, 0, 0, 0, 0, 0, 0, 0, 0, 0, 0, 1, 0, 0, 0, 0, 1, 0, 0]
listaRecompensa: [0, -10, 10, 10, 10, 10, 10, 10, 10, 10, 10, 10, 10, -10, 10, -10, 10, 10, 10, 10, 10, 10, 10, 10, 10, 10, 10, 10, 10, 10, 10, 10, 10, 10, 10, -10, 10, 10, 10, 10, 10, 10, 10, 10, -10, -10, 10, 10, 10, 10, 10, 10, 10, 10, 10, 10, 10, 10, 10, 10, 10, 10, 10, -10]
Medias: [(0, 0, 0), (495, 329, 2), (257, 170, 0), (196, 132, 0), (3557, 2372, 0), (4264, 2842, 54), (4465, 2976, 50), (197, 128, 0), (379, 251, 0), (247, 164, 0), (290, 196, 0), (447, 298, 0), (322, 213, 0), (662, 440, 0), (3531, 2353, 15), (1320, 880, 52), (3842, 2562, 8), (3462, 2308, 49), (2215, 1472, 26), (2091, 1393, 42), (1500, 998, 45), (269, 182, 0), (308, 204, 0), (3581, 2385, 0), (242, 159, 0), (158, 104, 0), (341, 227, 0), (209, 140, 0), (221, 142, 0), (4452, 2971, 0), (196, 131, 0), (4612, 3074, 41), (5135, 3423, 43), (429, 282, 0), (300, 200, 0), (354, 234, 0), (4452, 2968, 41), (280, 186, 0), (5101, 3400, 53), (232, 152, 0), (178, 117, 0), (196, 129, 0), (705, 466, 0), (201, 132, 0), (1214, 807, 0), (1918, 1280, 0), (518, 345, 0), (211, 141, 0), (173, 111, 0), (178, 119, 0), (248, 162, 0), (200, 129, 0), (322, 213, 0), (260, 171, 0), (170, 109, 0), (184, 121, 0), (4160, 2773, 0), (283, 187, 0), (479, 318, 0), (176, 111, 0), (237, 159, 0), (4547, 3032, 0), (228, 150, 0), (200, 131, 2)]
Episode:  17 / 20 Score:  63 epsilon:  0.009955207159745181 ação:  0 TempoEpisodio: 4058.1655337810516 Reward: 10
listaacao: [0, 0, 0, 0, 0, 0, 0, 1, 1, 1, 1, 0, 0, 0, 0, 1, 0, 0, 1, 0, 0, 0, 1, 0, 1, 1, 1, 1, 1, 0, 0, 1, 1, 1, 1, 0, 0, 0, 0, 1, 0, 1, 0, 0, 1, 0, 0, 0, 1, 0, 1, 0, 0, 0, 0, 1, 0, 0, 0, 0, 0, 1, 1, 0]
listaRecompensa: [0, 10, 10, 10, 10, 10, 10, 10, 10, 10, 10, -10, 10, 10, 10, 10, 10, 10, 10, 10, 10, 10, -10, 10, 10, 10, 10, 10, 10, -10, 10, 10, 10, 10, 10, -10, 10, 10, 10, 10, -10, 10, 10, 10, 10, -10, 10, 10, 10, 10, 10, 10, 10, 10, 10, 10, 10, 10, 10, 10, -10, 10, -10, 10]
Medias: [(0, 0, 0), (278, 182, 0), (195, 129, 0), (331, 224, 0), (215, 138, 0), (287, 189, 0), (198, 131, 0), (1542, 1023, 0), (3200, 2133, 41), (1959, 1306, 41), (4581, 3053, 47), (1619, 1077, 24), (418, 277, 0), (215, 145, 0), (186, 122, 0), (2792, 1862, 0), (311, 207, 0), (240, 159, 0), (4686, 3124, 0), (450, 298, 0), (159, 101, 0), (172, 111, 0), (197, 128, 0), (256, 170, 0), (4704, 3136, 29), (4510, 3008, 47), (3942, 2629, 24), (5309, 3539, 51), (3913, 2609, 42), (165, 114, 1), (414, 277, 0), (3142, 2095, 0), (3192, 2129, 48), (678, 455, 28), (2825, 1883, 52), (356, 236, 1), (401, 267, 0), (341, 227, 0), (218, 146, 0), (3276, 2185, 0), (791, 527, 29), (3390, 2261, 0), (334, 220, 0), (285, 188, 0), (5071, 3381, 0), (372, 246, 8), (456, 305, 0), (364, 240, 0), (3953, 2636, 0), (188, 121, 0), (5003, 3337, 55), (481, 321, 0), (173, 109, 0), (196, 124, 0), (399, 262, 0), (4448, 2965, 0), (244, 161, 0), (200, 133, 0), (223, 148, 0), (264, 172, 0), (1017, 677, 0), (2554, 1704, 0), (177, 114, 0), (166, 106, 0)]
Episode:  18 / 20 Score:  63 epsilon:  0.009955207159745181 ação:  0 TempoEpisodio: 4057.506381750107 Reward: 10
listaacao: [1, 0, 1, 1, 0, 0, 0, 1, 0, 0, 1, 0, 0, 1, 0, 0, 1, 0, 0, 1, 0, 1, 0, 0, 0, 1, 0, 0, 1, 1, 0, 1, 0, 0, 0, 1, 1, 0, 0, 0, 0, 0, 0, 0, 1, 0, 0, 0, 0, 0, 0, 1, 0, 0, 0, 0, 0, 0, 1, 0, 0, 0, 0, 0]
listaRecompensa: [0, 10, 10, 10, 10, 10, 10, 10, 10, -10, 10, 10, 10, 10, 10, 10, -10, 10, 10, 10, 10, 10, -10, -10, -10, 10, 10, -10, 10, 10, -10, 10, -10, 10, 10, 10, 10, -10, 10, 10, 10, 10, 10, 10, 10, 10, -10, 10, 10, 10, 10, 10, 10, -10, 10, 10, 10, -10, 10, -10, -10, 10, 10, 10]
Medias: [(0, 0, 0), (701, 468, 0), (2820, 1880, 1), (983, 655, 38), (173, 115, 0), (348, 231, 0), (233, 155, 0), (3872, 2582, 0), (201, 132, 0), (279, 185, 4), (4760, 3174, 0), (538, 360, 0), (334, 187, 0), (3926, 2617, 0), (312, 208, 0), (309, 209, 0), (633, 423, 0), (203, 133, 0), (160, 101, 0), (3849, 2565, 0), (229, 154, 0), (3998, 2664, 51), (2361, 1572, 27), (218, 145, 4), (1898, 1264, 0), (2940, 1958, 0), (226, 149, 0), (310, 203, 1), (2930, 1951, 0), (3205, 2136, 40), (864, 573, 42), (3312, 2208, 2), (3350, 2232, 45), (339, 222, 0), (425, 258, 0), (4481, 2986, 0), (4744, 3162, 22), (231, 153, 5), (150, 98, 0), (218, 142, 0), (398, 260, 0), (200, 130, 0), (413, 274, 0), (193, 126, 0), (3718, 2478, 0), (420, 279, 0), (176, 111, 1), (237, 153, 0), (190, 127, 0), (262, 176, 0), (510, 338, 0), (3749, 2498, 0), (203, 137, 0), (541, 360, 3), (329, 218, 0), (211, 137, 0), (247, 162, 0), (2748, 1831, 0), (4479, 2987, 0), (2550, 1700, 40), (466, 310, 32), (367, 241, 0), (195, 133, 0), (179, 119, 0)]
Episode:  19 / 20 Score:  63 epsilon:  0.009955207159745181 ação:  0 TempoEpisodio: 4056.0657930374146 Reward: 10
listaacao: [1, 1, 0, 0, 0, 0, 0, 0, 0, 0, 1, 0, 1, 1, 0, 0, 1, 1, 0, 0, 1, 1, 1, 0, 1, 1, 0, 0, 0, 0, 0, 0, 0, 0, 0, 1, 0, 0, 1, 0, 0, 0, 1, 0, 0, 1, 1, 0, 1, 0, 0, 0, 1, 0, 0, 0, 0, 0, 0, 0, 1, 0, 1, 0]
listaRecompensa: [0, -10, 10, 10, 10, 10, 10, 10, 10, 10, 10, 10, 10, 10, 10, 10, -10, 10, 10, 10, 10, 10, 10, 10, 10, 10, 10, -10, 10, 10, 10, 10, 10, 10, 10, 10, 10, -10, 10, 10, 10, 10, 10, 10, 10, 10, 10, -10, 10, -10, -10, 10, 10, -10, -10, 10, 10, 10, 10, 10, -10, 10, -10, 10]
Medias: [(0, 0, 0), (285, 188, 0), (197, 132, 0), (398, 267, 0), (271, 181, 0), (193, 127, 0), (172, 114, 0), (427, 285, 0), (298, 198, 0), (232, 151, 0), (4494, 2996, 0), (235, 155, 0), (3815, 2545, 0), (4370, 2913, 50), (169, 112, 0), (245, 163, 0), (826, 552, 0), (3155, 2102, 34), (324, 215, 0), (583, 389, 0), (2618, 1742, 0), (5101, 3401, 14), (965, 641, 45), (207, 136, 0), (3261, 2174, 0), (3891, 2581, 50), (164, 108, 0), (181, 116, 1), (252, 165, 0), (367, 242, 0), (174, 109, 0), (171, 114, 0), (157, 102, 0), (216, 145, 0), (361, 239, 0), (4742, 3162, 0), (233, 155, 0), (250, 166, 1), (4536, 3023, 0), (209, 138, 0), (183, 120, 0), (338, 223, 0), (3295, 2195, 0), (230, 153, 0), (165, 104, 0), (1422, 948, 0), (3094, 2063, 27), (2819, 1879, 25), (1098, 732, 55), (346, 231, 1), (449, 300, 3), (730, 486, 0), (2834, 1889, 0), (2889, 1925, 38), (3930, 2620, 57), (251, 168, 0), (279, 187, 0), (313, 211, 0), (204, 131, 0), (191, 122, 0), (221, 150, 0), (212, 136, 0), (563, 375, 0), (186, 123, 0)]
