Episode:  0 / 20 Score:  63 epsilon:  0.48410443783967744 ação:  1 TempoEpisodio: 4004.1284413337708 Reward: 10
listaacao: [1, 1, 0, 1, 1, 0, 0, 0, 1, 0, 0, 1, 1, 1, 0, 1, 1, 1, 1, 1, 1, 0, 1, 1, 0, 1, 1, 0, 0, 1, 1, 1, 0, 0, 0, 0, 0, 0, 1, 1, 0, 0, 1, 0, 0, 0, 1, 0, 0, 0, 0, 0, 0, 0, 1, 0, 1, 0, 0, 1, 0, 0, 1, 1]
listaRecompensa: [0, 10, -10, -10, 10, -10, 10, 10, -10, 10, 10, 10, 10, 10, -10, -10, -10, -10, 10, 10, -10, 10, -10, -10, -10, 10, -10, 10, -10, 10, -10, 10, 10, 10, 10, 10, 10, -10, -10, 10, -10, 10, -10, 10, -10, -10, 10, 10, 10, 10, 10, 10, 10, 10, 10, 10, 10, 10, -10, 10, 10, -10, -10, 10]
Medias: [(0, 0, 0), (2823, 1886, 45), (1074, 713, 21), (407, 269, 0), (3175, 2113, 56), (1441, 960, 31), (693, 461, 0), (456, 303, 0), (340, 225, 0), (127, 80, 0), (258, 171, 0), (3065, 2043, 0), (1708, 1136, 14), (2167, 1446, 36), (2275, 1518, 50), (238, 157, 0), (221, 146, 0), (304, 204, 0), (2874, 1916, 43), (1722, 1146, 45), (344, 144, 0), (208, 136, 0), (191, 124, 0), (439, 294, 0), (4573, 3048, 54), (206, 136, 2), (168, 109, 0), (204, 138, 0), (249, 167, 4), (5137, 3424, 0), (180, 118, 0), (4424, 2948, 48), (176, 118, 0), (219, 147, 0), (170, 112, 0), (204, 135, 0), (403, 268, 0), (5297, 3531, 0), (179, 112, 0), (5468, 3645, 22), (509, 341, 2), (201, 135, 0), (156, 105, 0), (178, 118, 0), (1525, 1016, 2), (4611, 3075, 0), (2737, 1823, 0), (376, 252, 0), (213, 138, 0), (187, 122, 0), (553, 366, 0), (358, 240, 0), (470, 310, 0), (212, 142, 0), (3164, 2108, 0), (188, 126, 0), (3811, 2541, 54), (224, 148, 0), (276, 182, 4), (5576, 3718, 0), (281, 187, 0), (4272, 2847, 45), (241, 160, 0), (4317, 2878, 41)]
Episode:  1 / 20 Score:  63 epsilon:  0.1840169447233663 ação:  0 TempoEpisodio: 4042.7563054561615 Reward: -10
listaacao: [1, 0, 0, 0, 0, 0, 1, 0, 0, 0, 0, 0, 0, 0, 1, 1, 0, 0, 0, 0, 0, 0, 0, 1, 0, 0, 0, 0, 0, 0, 0, 0, 0, 0, 0, 0, 0, 0, 0, 0, 0, 1, 0, 0, 0, 0, 0, 1, 0, 1, 0, 1, 0, 0, 1, 0, 0, 0, 0, 1, 0, 0, 0, 0]
listaRecompensa: [0, 10, -10, 10, 10, 10, 10, -10, 10, 10, -10, -10, 10, 10, 10, 10, -10, -10, -10, 10, 10, -10, 10, 10, 10, 10, 10, 10, 10, 10, 10, 10, 10, 10, 10, 10, 10, 10, 10, -10, -10, 10, 10, 10, 10, 10, 10, 10, -10, 10, -10, -10, 10, -10, -10, 10, 10, 10, -10, 10, 10, 10, 10, -10]
Medias: [(0, 0, 0), (182, 121, 0), (2859, 1905, 56), (277, 187, 0), (236, 159, 0), (349, 230, 0), (4759, 3173, 0), (4836, 3224, 50), (292, 195, 0), (256, 169, 0), (1473, 982, 0), (2876, 1916, 0), (304, 197, 0), (205, 132, 0), (2117, 1410, 0), (2054, 1367, 33), (2924, 1951, 49), (841, 559, 56), (3614, 2411, 0), (415, 278, 0), (170, 107, 0), (3571, 2379, 0), (268, 178, 0), (4269, 2844, 0), (344, 230, 0), (189, 126, 0), (284, 189, 0), (467, 311, 0), (293, 197, 0), (312, 207, 0), (208, 138, 0), (314, 208, 0), (383, 254, 0), (224, 145, 0), (207, 132, 0), (180, 119, 0), (175, 113, 0), (377, 247, 0), (369, 245, 0), (4713, 3141, 0), (4604, 3070, 0), (3295, 2197, 0), (308, 204, 0), (304, 202, 0), (217, 141, 0), (205, 136, 0), (432, 289, 0), (1975, 1315, 0), (1008, 672, 32), (3799, 2531, 0), (856, 566, 4), (182, 117, 0), (282, 186, 0), (4203, 2803, 55), (372, 246, 0), (379, 255, 0), (192, 126, 0), (204, 140, 0), (5153, 3434, 0), (4969, 3311, 0), (190, 125, 0), (250, 166, 0), (349, 232, 0), (4453, 2970, 0)]
Episode:  2 / 20 Score:  63 epsilon:  0.06994820393804511 ação:  1 TempoEpisodio: 4041.79687166214 Reward: 10
listaacao: [1, 0, 1, 0, 0, 1, 0, 0, 0, 0, 0, 0, 1, 1, 0, 1, 0, 0, 0, 0, 0, 1, 1, 0, 0, 0, 0, 0, 0, 0, 1, 1, 0, 0, 0, 0, 0, 0, 1, 0, 0, 0, 0, 0, 1, 1, 0, 0, 1, 1, 1, 0, 0, 0, 0, 0, 0, 0, 1, 0, 0, 0, 0, 1]
listaRecompensa: [0, 10, 10, 10, -10, 10, -10, 10, 10, 10, 10, 10, 10, 10, -10, 10, 10, 10, 10, 10, 10, 10, 10, 10, 10, 10, 10, 10, -10, 10, 10, 10, 10, 10, 10, 10, 10, 10, -10, -10, -10, 10, 10, 10, 10, 10, -10, -10, -10, 10, 10, 10, 10, 10, 10, 10, -10, 10, 10, -10, 10, 10, -10, 10]
Medias: [(0, 0, 0), (390, 260, 0), (4982, 3320, 58), (210, 138, 0), (212, 139, 1), (3031, 2022, 0), (676, 450, 3), (326, 196, 0), (191, 125, 0), (211, 142, 0), (224, 152, 0), (248, 163, 0), (2727, 1817, 0), (3217, 2144, 39), (1380, 919, 41), (2956, 1971, 2), (836, 557, 0), (275, 182, 0), (298, 201, 0), (195, 133, 0), (337, 222, 0), (4959, 3307, 0), (5292, 3529, 42), (184, 121, 0), (198, 127, 0), (221, 148, 0), (209, 137, 0), (313, 208, 0), (5459, 3640, 0), (174, 114, 0), (4819, 3214, 0), (4308, 2873, 57), (176, 114, 0), (165, 106, 0), (216, 142, 0), (243, 160, 0), (161, 107, 0), (212, 146, 0), (868, 576, 0), (3136, 2091, 45), (465, 311, 1), (353, 234, 0), (284, 185, 0), (228, 147, 0), (3302, 2200, 0), (1198, 798, 26), (621, 415, 1), (3691, 2460, 0), (548, 364, 0), (4495, 2998, 50), (4388, 2853, 57), (169, 112, 0), (260, 172, 0), (290, 192, 0), (408, 270, 0), (169, 110, 0), (3216, 2142, 0), (262, 174, 0), (5081, 3389, 0), (4604, 3070, 14), (316, 208, 0), (267, 177, 0), (2273, 1494, 0), (5043, 3361, 0)]
Episode:  3 / 20 Score:  63 epsilon:  0.02658859074914894 ação:  0 TempoEpisodio: 4037.5829486846924 Reward: -10
listaacao: [1, 1, 0, 0, 0, 0, 0, 0, 0, 0, 0, 0, 1, 0, 0, 0, 0, 0, 0, 0, 1, 0, 0, 1, 0, 0, 0, 1, 0, 0, 0, 0, 0, 0, 1, 0, 0, 1, 1, 1, 0, 0, 1, 1, 0, 0, 0, 0, 0, 0, 0, 0, 0, 0, 0, 0, 1, 0, 0, 0, 0, 1, 0, 0]
listaRecompensa: [0, 10, 10, 10, 10, 10, -10, -10, 10, 10, 10, -10, 10, -10, -10, 10, 10, 10, 10, 10, 10, 10, -10, 10, -10, -10, 10, -10, 10, -10, 10, 10, 10, 10, 10, 10, 10, 10, 10, 10, 10, 10, 10, 10, 10, 10, 10, 10, 10, 10, 10, 10, 10, 10, 10, 10, 10, 10, 10, 10, 10, 10, 10, -10]
Medias: [(0, 0, 0), (3079, 2052, 26), (319, 213, 0), (225, 148, 0), (223, 146, 0), (567, 380, 0), (1275, 847, 0), (2311, 1540, 0), (397, 265, 0), (294, 194, 0), (216, 141, 0), (2405, 1604, 0), (4376, 2918, 0), (586, 390, 32), (3392, 2260, 0), (458, 303, 0), (376, 251, 0), (369, 247, 0), (185, 121, 0), (205, 137, 0), (5246, 3497, 0), (223, 145, 0), (359, 237, 9), (4520, 3014, 0), (305, 204, 5), (319, 209, 1), (386, 257, 0), (312, 205, 0), (163, 104, 0), (247, 165, 1), (264, 176, 0), (187, 124, 0), (413, 273, 0), (177, 115, 0), (4676, 3117, 0), (333, 219, 0), (385, 254, 0), (1067, 710, 0), (4204, 2801, 53), (2307, 1537, 45), (394, 262, 0), (219, 145, 0), (2042, 1362, 0), (2017, 1341, 48), (324, 214, 0), (246, 164, 0), (210, 141, 0), (375, 252, 0), (314, 206, 0), (149, 98, 0), (276, 182, 0), (165, 106, 0), (174, 116, 0), (240, 162, 0), (276, 183, 0), (268, 176, 0), (4478, 2985, 0), (309, 206, 0), (191, 127, 0), (318, 211, 0), (205, 134, 0), (4543, 3028, 0), (233, 152, 0), (204, 134, 1)]
Episode:  4 / 20 Score:  63 epsilon:  0.010106809299233686 ação:  0 TempoEpisodio: 4037.782539367676 Reward: 10
listaacao: [1, 0, 1, 0, 0, 1, 1, 1, 0, 0, 0, 1, 1, 0, 0, 0, 0, 1, 0, 1, 1, 0, 1, 0, 0, 0, 0, 0, 1, 0, 0, 1, 0, 1, 0, 0, 0, 0, 0, 0, 0, 1, 1, 0, 1, 0, 0, 0, 0, 0, 1, 0, 0, 0, 0, 0, 0, 0, 1, 1, 0, 0, 0, 0]
listaRecompensa: [0, 10, 10, 10, 10, 10, 10, 10, 10, 10, 10, 10, 10, 10, 10, 10, -10, -10, 10, 10, 10, 10, 10, 10, 10, 10, 10, 10, -10, 10, 10, 10, 10, 10, 10, -10, 10, 10, 10, 10, -10, 10, 10, 10, 10, -10, 10, 10, 10, 10, 10, 10, 10, 10, 10, 10, 10, 10, 10, 10, -10, -10, 10, 10]
Medias: [(0, 0, 0), (195, 129, 0), (3663, 2441, 18), (172, 110, 0), (839, 552, 0), (4482, 2987, 0), (3716, 2477, 55), (2957, 1972, 49), (232, 154, 0), (201, 133, 0), (214, 142, 0), (2676, 1784, 0), (1102, 737, 43), (315, 207, 0), (163, 103, 0), (262, 171, 0), (3669, 2445, 0), (257, 168, 0), (205, 135, 0), (4006, 2768, 35), (4586, 3058, 15), (179, 115, 0), (2821, 1856, 52), (155, 98, 0), (190, 129, 0), (178, 120, 0), (183, 120, 0), (30, 19, 0), (376, 248, 0), (155, 102, 0), (320, 215, 0), (2107, 1405, 0), (164, 106, 0), (3708, 2472, 36), (172, 114, 0), (278, 181, 8), (253, 165, 0), (272, 183, 0), (164, 107, 0), (536, 355, 0), (2822, 1882, 0), (4254, 2835, 0), (1401, 934, 18), (269, 178, 0), (3627, 2417, 0), (691, 457, 30), (230, 150, 0), (185, 123, 0), (480, 318, 0), (166, 106, 0), (4159, 2771, 0), (224, 146, 0), (238, 158, 0), (243, 164, 0), (223, 147, 0), (312, 210, 0), (169, 111, 0), (195, 131, 0), (3498, 2331, 0), (5361, 3574, 45), (4718, 3129, 49), (188, 126, 1), (198, 131, 0), (176, 117, 0)]
Episode:  5 / 20 Score:  63 epsilon:  0.009955207159745181 ação:  0 TempoEpisodio: 4038.245441198349 Reward: 10
listaacao: [1, 1, 0, 1, 0, 0, 0, 0, 0, 0, 0, 1, 0, 0, 0, 0, 1, 0, 0, 0, 1, 0, 0, 0, 0, 0, 0, 0, 0, 1, 0, 0, 0, 0, 0, 0, 0, 0, 1, 1, 0, 1, 0, 1, 0, 0, 0, 0, 0, 1, 1, 0, 1, 0, 0, 0, 0, 0, 0, 0, 0, 0, 1, 0]
listaRecompensa: [0, -10, -10, 10, -10, -10, 10, 10, 10, 10, -10, -10, 10, 10, 10, 10, 10, 10, -10, 10, 10, -10, 10, 10, 10, 10, 10, 10, 10, 10, 10, 10, 10, 10, 10, 10, 10, 10, 10, 10, -10, 10, -10, 10, 10, 10, 10, 10, 10, 10, -10, 10, 10, 10, 10, 10, 10, 10, 10, 10, 10, 10, 10, 10]
Medias: [(0, 0, 0), (299, 199, 0), (519, 342, 53), (3619, 2412, 46), (1104, 735, 24), (2193, 1460, 58), (180, 119, 0), (238, 155, 0), (229, 155, 0), (370, 245, 0), (3316, 2211, 0), (902, 599, 0), (274, 182, 0), (518, 345, 0), (162, 104, 0), (282, 186, 0), (4880, 3253, 0), (187, 124, 0), (596, 397, 6), (306, 203, 0), (4225, 2814, 0), (372, 247, 33), (159, 99, 0), (166, 107, 0), (261, 174, 0), (256, 167, 0), (226, 146, 0), (198, 132, 0), (182, 116, 0), (5133, 3423, 0), (174, 116, 0), (390, 259, 0), (193, 130, 0), (244, 162, 0), (223, 148, 0), (174, 119, 0), (226, 150, 0), (419, 282, 0), (2279, 1518, 0), (2321, 1547, 34), (3381, 2250, 55), (1761, 1174, 38), (3140, 2094, 38), (1602, 1068, 39), (252, 168, 0), (168, 112, 0), (181, 120, 0), (170, 111, 0), (150, 89, 0), (3806, 2537, 0), (336, 224, 0), (187, 122, 0), (4977, 3319, 37), (200, 134, 0), (146, 96, 0), (152, 103, 0), (304, 201, 0), (308, 200, 0), (289, 192, 0), (222, 145, 0), (322, 213, 0), (268, 174, 0), (5393, 3595, 0), (200, 129, 0)]
Episode:  6 / 20 Score:  63 epsilon:  0.009955207159745181 ação:  1 TempoEpisodio: 4038.3206264972687 Reward: 10
listaacao: [1, 0, 1, 1, 0, 0, 0, 0, 0, 0, 0, 0, 1, 1, 0, 1, 0, 1, 0, 0, 0, 0, 0, 1, 1, 0, 0, 0, 0, 0, 1, 0, 0, 0, 0, 1, 0, 0, 1, 1, 0, 0, 1, 0, 0, 0, 0, 0, 0, 0, 0, 0, 0, 0, 1, 0, 0, 1, 0, 1, 1, 0, 0, 1]
listaRecompensa: [0, -10, 10, 10, 10, 10, 10, 10, 10, 10, 10, 10, -10, 10, 10, 10, 10, 10, 10, 10, 10, 10, 10, 10, 10, -10, 10, 10, 10, 10, -10, -10, 10, 10, 10, 10, 10, 10, 10, 10, -10, -10, 10, 10, -10, -10, 10, 10, 10, 10, 10, 10, 10, 10, -10, 10, 10, 10, 10, 10, 10, 10, 10, 10]
Medias: [(0, 0, 0), (4400, 2934, 41), (4925, 3284, 40), (3068, 2045, 44), (192, 129, 0), (217, 143, 0), (184, 119, 0), (187, 121, 0), (174, 116, 0), (167, 112, 0), (286, 186, 0), (245, 166, 0), (340, 229, 0), (278, 183, 4), (237, 155, 0), (5159, 3439, 57), (181, 121, 0), (3624, 2416, 53), (213, 143, 0), (367, 245, 0), (255, 170, 0), (190, 126, 0), (214, 141, 0), (4926, 3284, 0), (4077, 2718, 47), (213, 141, 1), (173, 115, 0), (187, 123, 0), (275, 185, 0), (260, 173, 0), (730, 487, 0), (198, 132, 1), (174, 108, 0), (245, 164, 0), (675, 450, 0), (2305, 1537, 0), (215, 145, 0), (270, 178, 0), (1938, 1293, 0), (1415, 944, 45), (3179, 2119, 53), (4199, 2800, 51), (1478, 985, 0), (162, 103, 0), (5098, 3397, 0), (3053, 2035, 0), (406, 268, 0), (149, 100, 0), (195, 124, 0), (202, 133, 0), (483, 320, 0), (355, 233, 0), (203, 136, 0), (321, 212, 0), (252, 168, 0), (250, 166, 0), (311, 206, 0), (4800, 3201, 0), (331, 221, 0), (4570, 3046, 61), (3121, 2082, 49), (169, 111, 0), (182, 120, 0), (4465, 2977, 0)]
Episode:  7 / 20 Score:  63 epsilon:  0.009955207159745181 ação:  1 TempoEpisodio: 4040.031811952591 Reward: 10
listaacao: [1, 0, 0, 0, 0, 0, 1, 1, 1, 0, 0, 0, 0, 0, 0, 0, 0, 1, 0, 0, 1, 0, 1, 1, 0, 0, 1, 1, 1, 0, 0, 0, 0, 0, 1, 0, 0, 0, 0, 1, 0, 0, 0, 0, 0, 0, 0, 0, 0, 0, 0, 0, 0, 0, 0, 0, 1, 0, 0, 0, 1, 0, 1, 1]
listaRecompensa: [0, 10, 10, 10, 10, 10, 10, 10, 10, 10, 10, 10, 10, 10, 10, 10, 10, 10, 10, 10, 10, 10, 10, 10, -10, 10, 10, 10, 10, 10, -10, 10, 10, 10, -10, 10, 10, 10, -10, 10, 10, 10, 10, 10, 10, 10, 10, 10, 10, 10, 10, 10, 10, 10, 10, 10, 10, -10, 10, 10, 10, 10, -10, 10]
Medias: [(0, 0, 0), (180, 121, 0), (201, 131, 0), (194, 124, 0), (232, 154, 0), (351, 232, 0), (2487, 1655, 0), (4785, 3191, 32), (2246, 1496, 49), (251, 165, 0), (213, 142, 0), (190, 128, 0), (173, 112, 0), (236, 156, 0), (174, 115, 0), (292, 192, 0), (174, 108, 0), (4404, 2936, 0), (282, 190, 0), (212, 136, 0), (4417, 2945, 0), (567, 380, 0), (4661, 3109, 32), (5260, 3507, 56), (303, 202, 1), (241, 159, 0), (5055, 3369, 0), (4846, 3229, 29), (4364, 2910, 50), (167, 110, 0), (4931, 3287, 28), (217, 143, 0), (151, 100, 0), (213, 141, 0), (282, 187, 0), (192, 124, 0), (196, 125, 0), (240, 160, 0), (2787, 1857, 0), (1623, 1082, 0), (222, 147, 0), (461, 307, 0), (154, 105, 0), (186, 123, 0), (271, 177, 0), (239, 156, 0), (237, 158, 0), (374, 247, 0), (177, 116, 0), (270, 184, 0), (325, 218, 0), (195, 129, 0), (261, 169, 0), (178, 116, 0), (252, 169, 0), (230, 153, 0), (4800, 3199, 0), (350, 232, 3), (513, 339, 0), (208, 138, 0), (5128, 3420, 0), (182, 121, 0), (748, 489, 0), (3542, 2361, 24)]
Episode:  8 / 20 Score:  63 epsilon:  0.009955207159745181 ação:  0 TempoEpisodio: 4039.3221848011017 Reward: 10
listaacao: [1, 0, 0, 0, 1, 1, 1, 1, 0, 0, 0, 1, 1, 0, 0, 1, 0, 1, 0, 1, 1, 1, 1, 0, 1, 0, 0, 0, 1, 0, 0, 0, 1, 1, 1, 0, 1, 0, 0, 1, 0, 0, 0, 0, 1, 0, 0, 0, 0, 1, 0, 1, 1, 0, 0, 1, 1, 0, 1, 0, 0, 0, 0, 0]
listaRecompensa: [0, 10, -10, 10, 10, 10, 10, 10, 10, 10, 10, -10, 10, 10, 10, -10, 10, 10, 10, 10, 10, 10, 10, 10, 10, 10, 10, 10, 10, 10, 10, 10, 10, 10, 10, 10, -10, 10, -10, 10, 10, 10, 10, 10, 10, 10, 10, 10, 10, -10, 10, 10, 10, 10, 10, 10, 10, 10, 10, 10, 10, 10, 10, 10]
Medias: [(0, 0, 0), (175, 116, 0), (223, 147, 1), (225, 153, 0), (2224, 1482, 0), (3781, 2521, 17), (4035, 2690, 44), (1303, 864, 44), (254, 167, 0), (198, 134, 0), (171, 109, 0), (190, 123, 0), (4333, 2890, 31), (183, 122, 0), (287, 188, 0), (421, 279, 0), (257, 174, 0), (4486, 2991, 52), (204, 133, 0), (4855, 3237, 42), (4913, 3275, 50), (5692, 3795, 56), (5054, 3371, 42), (272, 179, 0), (4114, 2744, 54), (182, 118, 0), (155, 103, 0), (544, 362, 0), (3997, 2662, 0), (469, 311, 0), (293, 197, 0), (401, 266, 0), (1310, 875, 0), (3717, 2479, 38), (2027, 1351, 44), (197, 129, 0), (203, 132, 0), (360, 242, 0), (187, 118, 9), (3254, 2169, 0), (823, 545, 0), (205, 135, 0), (227, 150, 0), (248, 167, 0), (4846, 3231, 0), (401, 268, 0), (236, 155, 0), (190, 125, 0), (169, 111, 0), (220, 144, 0), (216, 144, 0), (4388, 2927, 57), (4521, 3014, 35), (176, 120, 0), (178, 118, 0), (5029, 3352, 0), (4897, 3264, 31), (218, 142, 0), (5184, 3456, 55), (287, 192, 0), (176, 114, 0), (321, 212, 0), (380, 250, 0), (311, 204, 0)]
Episode:  9 / 20 Score:  63 epsilon:  0.009955207159745181 ação:  1 TempoEpisodio: 4039.0441138744354 Reward: 10
listaacao: [1, 1, 1, 1, 0, 0, 1, 1, 0, 1, 0, 0, 0, 0, 0, 0, 1, 1, 0, 0, 0, 1, 0, 0, 1, 1, 0, 0, 0, 1, 1, 0, 0, 0, 0, 0, 0, 0, 0, 1, 0, 1, 0, 0, 0, 0, 0, 1, 0, 0, 0, 0, 0, 0, 0, 0, 0, 0, 0, 0, 1, 0, 1, 1]
listaRecompensa: [0, 10, 10, 10, 10, -10, 10, 10, -10, 10, 10, 10, 10, 10, 10, 10, 10, 10, 10, -10, 10, 10, 10, 10, 10, 10, 10, 10, 10, 10, 10, 10, 10, 10, 10, 10, 10, 10, 10, 10, 10, 10, 10, 10, 10, 10, 10, 10, 10, 10, 10, 10, 10, 10, 10, 10, 10, 10, 10, 10, 10, 10, 10, 10]
Medias: [(0, 0, 0), (3033, 2023, 27), (2942, 1961, 49), (2033, 1353, 44), (333, 223, 0), (2749, 1831, 2), (4031, 2688, 0), (3875, 2583, 47), (553, 363, 20), (3993, 2661, 54), (167, 111, 0), (156, 100, 0), (237, 159, 0), (156, 101, 0), (165, 100, 0), (183, 116, 0), (4924, 3283, 0), (4237, 2824, 31), (368, 245, 0), (208, 137, 4), (172, 113, 0), (4148, 2766, 0), (223, 146, 0), (392, 259, 0), (4798, 3198, 0), (4881, 3254, 26), (173, 111, 0), (270, 179, 0), (728, 487, 0), (5001, 3334, 0), (3302, 2200, 25), (229, 151, 0), (196, 130, 0), (197, 126, 0), (222, 148, 0), (310, 201, 0), (280, 188, 0), (160, 104, 0), (263, 175, 0), (3499, 2334, 0), (565, 383, 0), (4923, 3282, 59), (192, 128, 0), (172, 115, 0), (637, 424, 0), (158, 104, 0), (213, 140, 0), (4695, 3130, 0), (174, 117, 0), (370, 249, 0), (503, 335, 0), (217, 143, 0), (191, 124, 0), (199, 130, 0), (212, 137, 0), (164, 105, 0), (339, 223, 0), (280, 183, 0), (329, 219, 0), (290, 194, 0), (3147, 2098, 0), (251, 156, 0), (1412, 946, 1), (3247, 2165, 46)]
Episode:  10 / 20 Score:  63 epsilon:  0.009955207159745181 ação:  1 TempoEpisodio: 4041.4285414218903 Reward: 10
listaacao: [1, 0, 0, 0, 0, 0, 0, 0, 0, 1, 0, 0, 1, 0, 0, 0, 1, 0, 0, 0, 1, 0, 0, 0, 0, 0, 0, 1, 0, 0, 0, 0, 0, 1, 1, 1, 0, 0, 0, 0, 1, 0, 1, 1, 1, 0, 1, 1, 0, 0, 1, 0, 1, 0, 0, 1, 0, 0, 0, 0, 0, 0, 1, 1]
listaRecompensa: [0, 10, -10, 10, 10, 10, 10, 10, 10, 10, 10, 10, 10, 10, 10, 10, 10, 10, 10, 10, 10, 10, 10, 10, 10, 10, 10, 10, 10, 10, 10, 10, 10, 10, 10, 10, 10, 10, 10, 10, 10, 10, 10, 10, 10, 10, 10, 10, 10, 10, 10, 10, 10, 10, 10, 10, 10, 10, 10, -10, 10, -10, 10, 10]
Medias: [(0, 0, 0), (274, 182, 0), (179, 118, 6), (197, 132, 0), (170, 111, 0), (165, 108, 0), (216, 145, 0), (312, 208, 0), (191, 126, 0), (4951, 3302, 0), (188, 119, 0), (259, 172, 0), (3532, 2354, 0), (179, 112, 0), (263, 175, 0), (261, 174, 0), (5238, 3491, 0), (169, 110, 0), (333, 221, 0), (190, 124, 0), (5250, 3501, 0), (285, 191, 0), (396, 264, 0), (300, 199, 0), (158, 102, 0), (161, 105, 0), (195, 127, 0), (4611, 3074, 0), (346, 230, 0), (223, 148, 0), (290, 192, 0), (317, 211, 0), (237, 158, 0), (2729, 1818, 0), (4277, 2852, 43), (1693, 1129, 44), (217, 143, 0), (479, 318, 0), (290, 193, 0), (163, 108, 0), (3332, 2223, 0), (235, 152, 0), (5390, 3594, 52), (4843, 3229, 14), (5081, 3387, 53), (327, 218, 0), (3784, 2522, 52), (5097, 3398, 35), (242, 160, 0), (272, 177, 0), (5152, 3433, 0), (205, 139, 0), (3795, 2530, 21), (186, 122, 0), (324, 214, 0), (5974, 3983, 0), (194, 127, 0), (226, 153, 0), (558, 370, 0), (2934, 1958, 0), (209, 139, 0), (1792, 1193, 0), (2286, 1524, 0), (2516, 1675, 52)]
Episode:  11 / 20 Score:  63 epsilon:  0.009955207159745181 ação:  1 TempoEpisodio: 4039.63667845726 Reward: 10
listaacao: [1, 1, 1, 1, 0, 0, 0, 0, 1, 0, 0, 1, 1, 1, 0, 0, 0, 0, 0, 0, 0, 0, 0, 1, 0, 0, 0, 0, 0, 0, 0, 0, 0, 1, 0, 0, 0, 0, 0, 0, 1, 0, 0, 0, 0, 0, 0, 0, 0, 0, 0, 0, 1, 0, 0, 0, 1, 0, 0, 0, 0, 0, 0, 1]
listaRecompensa: [0, 10, 10, 10, 10, 10, -10, 10, 10, 10, -10, 10, 10, 10, 10, 10, 10, 10, 10, 10, 10, 10, 10, 10, -10, -10, 10, 10, 10, 10, 10, 10, -10, 10, 10, 10, 10, 10, 10, 10, -10, 10, -10, 10, 10, 10, 10, 10, 10, 10, 10, 10, 10, 10, -10, 10, 10, -10, 10, 10, 10, 10, 10, 10]
Medias: [(0, 0, 0), (2840, 1894, 46), (3215, 2143, 40), (810, 536, 40), (256, 168, 0), (167, 110, 0), (4261, 2840, 0), (275, 181, 0), (4658, 3105, 0), (372, 244, 0), (290, 195, 1), (4865, 3243, 0), (3538, 2359, 28), (395, 260, 27), (345, 229, 0), (278, 186, 0), (207, 134, 0), (209, 138, 0), (180, 118, 0), (245, 164, 0), (212, 142, 0), (175, 113, 0), (376, 247, 0), (4324, 2882, 0), (958, 636, 54), (4427, 2953, 58), (285, 191, 0), (197, 125, 0), (236, 152, 0), (172, 114, 0), (485, 321, 0), (214, 142, 0), (2770, 1846, 0), (1273, 849, 0), (184, 117, 0), (173, 114, 0), (162, 106, 0), (477, 313, 0), (209, 136, 0), (295, 199, 0), (429, 286, 0), (176, 118, 0), (299, 199, 1), (393, 261, 0), (220, 146, 0), (336, 225, 0), (195, 126, 0), (163, 106, 0), (266, 173, 0), (345, 231, 0), (257, 170, 0), (209, 136, 0), (5114, 3409, 0), (166, 108, 0), (2662, 1777, 21), (245, 157, 0), (4481, 2989, 0), (3773, 2515, 52), (495, 327, 0), (161, 99, 0), (162, 103, 0), (326, 214, 0), (323, 215, 0), (3450, 2302, 0)]
Episode:  12 / 20 Score:  63 epsilon:  0.009955207159745181 ação:  0 TempoEpisodio: 4044.206193447113 Reward: 10
listaacao: [1, 0, 0, 0, 0, 0, 0, 1, 0, 0, 0, 1, 1, 0, 1, 1, 0, 1, 0, 0, 0, 0, 1, 0, 0, 0, 1, 1, 1, 1, 1, 0, 0, 0, 1, 0, 1, 0, 0, 1, 0, 0, 1, 0, 0, 0, 0, 0, 0, 1, 0, 0, 1, 0, 0, 1, 0, 1, 0, 1, 0, 0, 0, 0]
listaRecompensa: [0, 10, 10, 10, 10, 10, 10, 10, 10, 10, 10, 10, -10, 10, 10, 10, -10, 10, 10, 10, 10, 10, 10, 10, 10, 10, 10, 10, 10, 10, 10, 10, 10, 10, 10, 10, 10, 10, 10, 10, 10, 10, 10, 10, 10, 10, 10, 10, 10, 10, 10, 10, 10, 10, 10, 10, -10, 10, 10, 10, 10, 10, -10, 10]
Medias: [(0, 0, 0), (176, 113, 0), (195, 130, 0), (178, 116, 0), (375, 253, 0), (375, 253, 0), (335, 221, 0), (5049, 3367, 0), (281, 188, 0), (371, 248, 0), (222, 144, 0), (3907, 2605, 0), (514, 343, 0), (345, 228, 0), (4560, 3040, 52), (5039, 3361, 25), (279, 184, 1), (4550, 3035, 47), (270, 176, 0), (214, 144, 0), (293, 196, 0), (172, 113, 0), (3665, 2443, 0), (304, 203, 0), (369, 243, 0), (199, 132, 0), (2153, 1435, 0), (2973, 1981, 37), (1973, 1315, 50), (2790, 1860, 44), (1306, 871, 37), (400, 264, 0), (210, 139, 0), (416, 276, 0), (5302, 3534, 0), (191, 126, 0), (5194, 3464, 40), (384, 257, 0), (208, 137, 0), (4850, 3232, 0), (311, 207, 0), (169, 114, 0), (4013, 2677, 0), (186, 123, 0), (189, 122, 0), (175, 115, 0), (289, 194, 0), (194, 131, 0), (248, 167, 0), (5290, 3527, 0), (540, 359, 0), (493, 328, 0), (4579, 3053, 0), (155, 96, 0), (747, 498, 0), (2729, 1819, 0), (2326, 1550, 53), (2207, 1470, 41), (192, 123, 0), (2842, 1896, 0), (828, 549, 0), (187, 112, 0), (3567, 2376, 0), (422, 278, 0)]
Episode:  13 / 20 Score:  63 epsilon:  0.009955207159745181 ação:  1 TempoEpisodio: 4041.9432559013367 Reward: 10
listaacao: [1, 1, 1, 1, 0, 0, 0, 0, 0, 0, 0, 1, 0, 0, 1, 0, 0, 1, 0, 0, 1, 1, 1, 0, 0, 1, 1, 1, 0, 0, 0, 0, 0, 0, 0, 1, 0, 0, 1, 1, 0, 0, 1, 0, 0, 1, 0, 0, 0, 0, 1, 0, 0, 0, 0, 0, 0, 1, 0, 0, 0, 0, 1, 1]
listaRecompensa: [0, 10, 10, 10, 10, 10, 10, 10, 10, 10, 10, 10, 10, -10, 10, 10, -10, 10, 10, 10, 10, 10, -10, 10, 10, 10, 10, 10, 10, 10, 10, 10, 10, 10, 10, 10, 10, 10, 10, 10, 10, -10, 10, -10, 10, 10, 10, 10, 10, 10, 10, 10, -10, 10, 10, 10, -10, 10, 10, 10, -10, 10, 10, 10]
Medias: [(0, 0, 0), (3880, 2587, 50), (4781, 3187, 50), (3206, 2138, 41), (283, 187, 0), (227, 149, 0), (220, 140, 0), (488, 329, 0), (231, 154, 0), (601, 403, 0), (272, 184, 0), (4564, 3043, 0), (174, 112, 0), (268, 182, 1), (5425, 3617, 0), (188, 127, 0), (507, 232, 2), (4224, 2816, 0), (166, 112, 0), (315, 209, 0), (1244, 831, 0), (3017, 2012, 14), (198, 129, 0), (179, 118, 0), (202, 130, 0), (2636, 1758, 0), (4634, 3088, 46), (1719, 1148, 33), (164, 110, 0), (254, 167, 0), (297, 201, 0), (302, 200, 0), (251, 168, 0), (417, 276, 0), (257, 171, 0), (5037, 3357, 0), (220, 147, 0), (267, 177, 0), (3930, 2621, 0), (1722, 1146, 55), (332, 221, 0), (227, 150, 1), (4588, 3057, 0), (425, 282, 2), (274, 181, 0), (4405, 2938, 0), (252, 170, 0), (370, 246, 0), (164, 108, 0), (679, 453, 0), (3522, 2348, 0), (241, 161, 0), (247, 164, 1), (173, 113, 0), (167, 109, 0), (155, 101, 0), (2923, 1947, 0), (1637, 1125, 0), (189, 125, 0), (245, 159, 0), (3926, 2618, 0), (401, 266, 0), (5075, 3384, 0), (4206, 2803, 31)]
Episode:  14 / 20 Score:  63 epsilon:  0.009955207159745181 ação:  0 TempoEpisodio: 4042.675587415695 Reward: -10
listaacao: [1, 0, 0, 0, 0, 0, 0, 0, 0, 0, 0, 0, 1, 1, 0, 0, 0, 0, 0, 0, 0, 0, 1, 0, 0, 0, 0, 1, 1, 1, 0, 0, 0, 0, 0, 0, 0, 0, 0, 1, 1, 0, 1, 1, 1, 0, 0, 0, 1, 1, 1, 1, 0, 0, 0, 0, 1, 0, 0, 0, 0, 0, 1, 0]
listaRecompensa: [0, 10, -10, 10, 10, 10, 10, 10, 10, 10, 10, 10, 10, 10, 10, 10, 10, 10, 10, 10, 10, -10, 10, -10, -10, 10, 10, 10, 10, 10, 10, 10, 10, 10, 10, 10, 10, -10, 10, 10, -10, -10, -10, 10, -10, -10, 10, 10, 10, 10, 10, -10, -10, 10, 10, 10, 10, 10, 10, 10, 10, 10, 10, -10]
Medias: [(0, 0, 0), (445, 294, 0), (171, 114, 4), (399, 264, 0), (320, 212, 0), (381, 252, 0), (344, 235, 0), (167, 110, 0), (233, 155, 0), (233, 155, 0), (232, 154, 0), (156, 105, 0), (4369, 2912, 0), (4783, 3189, 14), (161, 105, 0), (235, 156, 0), (313, 208, 0), (464, 306, 0), (235, 156, 0), (445, 298, 0), (237, 156, 0), (2366, 1579, 0), (4136, 2821, 0), (1809, 1203, 49), (185, 122, 1), (388, 258, 0), (203, 135, 0), (3097, 2065, 0), (3339, 2226, 18), (3239, 2159, 43), (237, 159, 0), (162, 103, 0), (383, 256, 0), (435, 288, 0), (156, 100, 0), (375, 252, 0), (318, 212, 0), (4852, 3235, 0), (191, 128, 0), (4018, 2679, 0), (247, 166, 0), (445, 297, 1), (186, 125, 0), (4820, 3212, 42), (161, 106, 0), (268, 177, 1), (261, 171, 0), (158, 102, 0), (1479, 984, 0), (4521, 3015, 38), (2737, 1823, 7), (365, 242, 0), (167, 104, 1), (189, 119, 0), (244, 160, 0), (304, 201, 0), (3657, 2439, 0), (536, 355, 0), (159, 102, 0), (185, 121, 0), (171, 107, 0), (174, 115, 0), (4516, 3011, 0), (431, 285, 7)]
Episode:  15 / 20 Score:  63 epsilon:  0.009955207159745181 ação:  0 TempoEpisodio: 4041.9175736904144 Reward: 10
listaacao: [1, 0, 1, 1, 0, 0, 1, 0, 0, 0, 0, 0, 0, 1, 0, 1, 1, 0, 0, 0, 0, 0, 0, 0, 0, 0, 0, 1, 0, 0, 0, 1, 0, 0, 0, 0, 0, 1, 0, 1, 0, 0, 0, 0, 0, 0, 0, 0, 0, 1, 0, 0, 0, 1, 0, 0, 1, 1, 0, 0, 0, 0, 0, 0]
listaRecompensa: [0, 10, 10, 10, 10, 10, -10, 10, 10, 10, 10, 10, 10, 10, -10, 10, 10, 10, 10, 10, 10, 10, 10, 10, 10, 10, 10, -10, 10, 10, 10, 10, 10, -10, 10, -10, 10, 10, 10, 10, 10, 10, 10, 10, 10, 10, 10, 10, -10, 10, 10, -10, 10, 10, -10, 10, 10, 10, 10, -10, 10, 10, 10, 10]
Medias: [(0, 0, 0), (248, 163, 0), (4647, 3099, 26), (4492, 2995, 49), (179, 117, 0), (171, 118, 0), (487, 326, 0), (242, 162, 0), (174, 116, 0), (229, 156, 0), (584, 388, 0), (189, 125, 0), (209, 137, 0), (3169, 2111, 0), (3650, 2435, 50), (4130, 2754, 40), (2422, 1615, 46), (187, 125, 0), (270, 180, 0), (221, 150, 0), (238, 160, 0), (299, 199, 0), (277, 180, 0), (191, 129, 0), (245, 163, 0), (202, 134, 0), (304, 200, 0), (442, 294, 0), (168, 111, 0), (275, 182, 0), (158, 101, 0), (3226, 2151, 0), (180, 121, 0), (4940, 3293, 55), (157, 102, 0), (5463, 3643, 0), (173, 114, 0), (4660, 3107, 0), (200, 133, 0), (4374, 2916, 54), (288, 190, 0), (159, 109, 0), (514, 343, 0), (169, 111, 0), (202, 134, 0), (173, 112, 0), (203, 135, 0), (163, 105, 0), (1515, 1009, 0), (2629, 1754, 0), (335, 220, 0), (191, 128, 2), (334, 215, 0), (3649, 2433, 0), (1001, 668, 41), (286, 191, 0), (4162, 2774, 0), (4867, 3243, 17), (231, 151, 0), (293, 195, 29), (163, 106, 0), (306, 203, 0), (261, 171, 0), (173, 111, 0)]
Episode:  16 / 20 Score:  63 epsilon:  0.009955207159745181 ação:  0 TempoEpisodio: 4041.826646089554 Reward: 10
listaacao: [1, 0, 0, 0, 0, 0, 0, 1, 0, 0, 0, 0, 1, 0, 0, 0, 0, 0, 0, 0, 0, 0, 0, 0, 1, 0, 1, 0, 1, 0, 0, 1, 0, 0, 0, 0, 1, 1, 1, 1, 0, 0, 0, 0, 0, 1, 1, 0, 0, 0, 0, 1, 1, 1, 0, 1, 1, 0, 1, 0, 0, 0, 0, 0]
listaRecompensa: [0, 10, 10, 10, 10, 10, 10, 10, 10, 10, 10, 10, 10, 10, 10, 10, 10, 10, 10, 10, -10, 10, 10, 10, 10, 10, 10, 10, -10, 10, -10, 10, 10, 10, 10, 10, 10, 10, 10, 10, -10, 10, 10, 10, 10, 10, 10, 10, 10, 10, 10, -10, 10, 10, 10, 10, 10, 10, 10, 10, 10, 10, 10, 10]
Medias: [(0, 0, 0), (231, 152, 0), (224, 149, 0), (170, 107, 0), (526, 353, 0), (203, 135, 0), (220, 144, 0), (4758, 3172, 0), (182, 118, 0), (211, 143, 0), (199, 129, 0), (710, 469, 0), (3511, 2341, 0), (169, 114, 0), (217, 141, 0), (199, 129, 0), (199, 129, 0), (289, 193, 0), (199, 127, 0), (462, 305, 0), (2878, 1918, 0), (777, 516, 0), (242, 158, 0), (196, 125, 0), (4376, 2916, 0), (299, 198, 0), (4290, 2857, 20), (251, 167, 0), (199, 128, 0), (382, 254, 0), (185, 123, 2), (5270, 3514, 0), (265, 178, 0), (348, 220, 0), (280, 187, 0), (192, 127, 0), (4983, 3323, 0), (4669, 3114, 18), (5047, 3364, 50), (4413, 2940, 49), (223, 147, 1), (228, 154, 0), (292, 193, 0), (245, 164, 0), (246, 165, 0), (1901, 1266, 0), (2332, 1554, 37), (200, 130, 0), (323, 215, 0), (243, 158, 0), (342, 227, 0), (387, 256, 0), (3961, 2640, 53), (4495, 2995, 52), (480, 319, 0), (5097, 3398, 57), (4731, 3154, 48), (457, 304, 0), (5103, 3403, 18), (238, 159, 0), (374, 249, 0), (189, 126, 0), (216, 145, 0), (166, 106, 0)]
Episode:  17 / 20 Score:  63 epsilon:  0.009955207159745181 ação:  1 TempoEpisodio: 4044.8046655654907 Reward: -10
listaacao: [1, 1, 0, 0, 0, 0, 1, 1, 1, 0, 0, 0, 0, 0, 0, 0, 1, 0, 0, 1, 1, 0, 1, 0, 1, 0, 1, 0, 0, 0, 0, 1, 1, 0, 1, 0, 0, 0, 0, 0, 1, 1, 1, 0, 1, 0, 0, 0, 1, 0, 1, 1, 0, 0, 0, 1, 1, 0, 0, 0, 1, 0, 0, 1]
listaRecompensa: [0, 10, 10, -10, 10, 10, 10, 10, 10, 10, 10, -10, -10, 10, 10, 10, 10, 10, 10, 10, 10, 10, 10, 10, 10, 10, -10, 10, -10, 10, 10, 10, 10, 10, 10, 10, 10, 10, 10, 10, 10, 10, 10, -10, 10, 10, 10, 10, 10, 10, 10, -10, 10, -10, 10, 10, -10, 10, 10, 10, 10, 10, 10, -10]
Medias: [(0, 0, 0), (3198, 2130, 54), (172, 109, 0), (256, 169, 4), (304, 202, 0), (361, 240, 0), (4627, 3084, 0), (1041, 693, 21), (3900, 2602, 53), (196, 130, 0), (196, 127, 0), (2218, 1479, 0), (2939, 1960, 0), (182, 121, 0), (220, 148, 0), (276, 185, 0), (3615, 2411, 0), (915, 607, 0), (149, 97, 0), (4115, 2744, 0), (3855, 2570, 43), (237, 158, 0), (4901, 3268, 52), (337, 227, 0), (5211, 3474, 57), (226, 150, 0), (548, 367, 0), (218, 148, 0), (234, 153, 1), (203, 133, 0), (251, 168, 0), (4436, 2956, 0), (5415, 3609, 33), (389, 260, 0), (4230, 2819, 41), (190, 127, 0), (280, 184, 0), (553, 370, 0), (178, 118, 0), (287, 189, 0), (2077, 1385, 0), (2296, 1528, 43), (219, 141, 5), (2697, 1794, 44), (1430, 952, 27), (205, 136, 0), (318, 213, 0), (162, 105, 0), (4117, 2743, 0), (261, 172, 0), (4207, 2805, 54), (184, 125, 0), (324, 215, 0), (424, 283, 6), (184, 117, 0), (4405, 2936, 0), (403, 268, 0), (187, 128, 0), (266, 176, 0), (227, 155, 0), (4597, 3064, 0), (275, 183, 0), (326, 215, 0), (330, 218, 0)]
Episode:  18 / 20 Score:  63 epsilon:  0.009955207159745181 ação:  0 TempoEpisodio: 4043.6952252388 Reward: 10
listaacao: [1, 0, 0, 1, 1, 1, 1, 1, 1, 0, 1, 1, 0, 0, 1, 0, 1, 0, 0, 0, 0, 1, 0, 0, 0, 0, 0, 0, 1, 0, 0, 1, 0, 0, 0, 1, 1, 0, 0, 0, 0, 1, 1, 0, 0, 0, 0, 0, 0, 0, 0, 0, 1, 0, 0, 0, 0, 0, 0, 1, 0, 0, 1, 0]
listaRecompensa: [0, 10, 10, -10, 10, 10, 10, 10, -10, 10, 10, 10, 10, 10, -10, 10, 10, -10, -10, 10, 10, 10, -10, 10, 10, 10, 10, 10, 10, 10, 10, 10, 10, 10, 10, 10, 10, -10, 10, 10, 10, 10, 10, -10, 10, 10, 10, 10, 10, 10, 10, 10, 10, 10, 10, 10, 10, 10, 10, 10, 10, -10, 10, 10]
Medias: [(0, 0, 0), (320, 212, 0), (316, 210, 0), (254, 167, 0), (3637, 2419, 47), (441, 298, 1), (1757, 1171, 43), (2252, 1503, 37), (372, 249, 0), (381, 249, 0), (3310, 2206, 0), (1202, 802, 38), (158, 103, 0), (184, 119, 0), (246, 164, 0), (252, 166, 0), (4519, 3013, 56), (251, 165, 1), (332, 219, 24), (210, 142, 0), (248, 161, 0), (4397, 2931, 0), (292, 192, 1), (158, 95, 0), (272, 180, 0), (172, 116, 0), (181, 120, 0), (332, 225, 0), (4774, 3184, 0), (188, 123, 0), (183, 121, 0), (3349, 2232, 0), (172, 112, 0), (203, 129, 0), (204, 135, 0), (1773, 1182, 0), (3051, 2034, 40), (351, 232, 12), (498, 333, 0), (274, 183, 0), (218, 142, 0), (2562, 1705, 0), (3998, 2666, 24), (569, 380, 21), (569, 378, 0), (231, 152, 0), (179, 119, 0), (280, 184, 0), (275, 185, 0), (165, 108, 0), (162, 107, 0), (187, 127, 0), (4933, 3289, 0), (202, 133, 0), (187, 125, 0), (277, 185, 0), (161, 104, 0), (251, 164, 0), (178, 117, 0), (5179, 3454, 0), (474, 314, 0), (318, 211, 11), (3043, 2027, 0), (199, 127, 0)]
Episode:  19 / 20 Score:  63 epsilon:  0.009955207159745181 ação:  0 TempoEpisodio: 4044.7027819156647 Reward: 10
listaacao: [1, 0, 0, 0, 0, 0, 0, 1, 0, 0, 0, 1, 0, 0, 0, 0, 0, 0, 0, 0, 0, 1, 0, 0, 0, 1, 0, 1, 0, 0, 0, 1, 1, 1, 0, 0, 0, 0, 0, 1, 0, 1, 0, 1, 1, 0, 0, 0, 0, 1, 0, 0, 0, 0, 1, 0, 0, 1, 1, 0, 0, 0, 0, 0]
listaRecompensa: [0, 10, 10, 10, 10, 10, 10, 10, -10, -10, 10, 10, 10, 10, 10, 10, 10, 10, 10, 10, 10, 10, 10, 10, 10, 10, 10, 10, 10, 10, 10, 10, 10, 10, -10, 10, 10, 10, 10, 10, 10, 10, 10, 10, 10, 10, -10, 10, 10, 10, 10, -10, 10, 10, 10, 10, 10, 10, 10, -10, 10, 10, 10, 10]
Medias: [(0, 0, 0), (210, 138, 0), (230, 152, 0), (249, 163, 0), (268, 176, 0), (182, 117, 0), (172, 111, 0), (2867, 1911, 0), (4150, 2766, 48), (767, 509, 39), (245, 161, 0), (4620, 3080, 0), (190, 128, 0), (304, 201, 0), (306, 205, 0), (166, 109, 0), (173, 109, 0), (171, 113, 0), (263, 173, 0), (171, 112, 0), (221, 133, 0), (3697, 2464, 0), (299, 199, 0), (161, 106, 0), (275, 182, 0), (4568, 3047, 0), (162, 104, 0), (4507, 3004, 42), (206, 133, 0), (315, 205, 0), (789, 523, 0), (3696, 2464, 0), (1484, 991, 54), (2441, 1630, 42), (245, 164, 2), (165, 108, 0), (293, 193, 0), (253, 169, 0), (455, 303, 0), (3901, 2599, 0), (675, 448, 0), (5310, 3540, 51), (146, 94, 0), (4623, 3082, 41), (3972, 2524, 49), (170, 110, 0), (307, 205, 1), (251, 169, 0), (222, 139, 0), (5116, 3412, 0), (270, 178, 0), (4421, 2787, 60), (312, 208, 0), (192, 128, 0), (5149, 3431, 0), (324, 216, 0), (213, 142, 0), (4545, 3030, 0), (4403, 2848, 23), (4089, 2727, 48), (222, 145, 0), (180, 118, 0), (180, 116, 0), (469, 312, 0)]

