Episode:  0 / 20 Score:  31 epsilon:  0.7851989098440427 ação:  0 TempoEpisodio: 1981.9742765426636 Reward: -10
listaacao: [0, 1, 0, 0, 1, 1, 0, 1, 1, 0, 1, 1, 1, 1, 1, 1, 0, 0, 1, 0, 1, 0, 0, 1, 0, 1, 0, 1, 1, 1, 1, 0]
listaRecompensa: [0, -10, -10, 10, -10, -10, -10, -10, 10, -10, -10, 10, -10, 10, -10, 10, 10, 10, -10, -10, -10, -10, 10, 10, 10, 10, 10, -10, 10, 10, -10, -10]
Medias: [(0, 0, 0), (166, 108, 0), (5139, 3426, 25), (200, 135, 0), (249, 163, 0), (261, 173, 0), (5048, 3364, 51), (420, 280, 0), (3991, 2662, 24), (4539, 3027, 59), (208, 141, 0), (5049, 3367, 32), (237, 155, 0), (231, 152, 18), (435, 289, 0), (228, 151, 17), (305, 201, 0), (198, 132, 0), (301, 201, 0), (242, 162, 1), (239, 157, 0), (267, 178, 1), (203, 135, 0), (4470, 2980, 0), (168, 112, 0), (4388, 2927, 27), (261, 170, 0), (148, 93, 0), (4829, 3219, 19), (209, 136, 19), (244, 159, 0), (4817, 3123, 50)]
Episode:  1 / 20 Score:  31 epsilon:  0.48410443783967744 ação:  0 TempoEpisodio: 2016.986982345581 Reward: 10
listaacao: [0, 1, 0, 1, 1, 0, 1, 1, 1, 0, 0, 0, 1, 0, 1, 1, 0, 0, 0, 0, 1, 0, 0, 0, 1, 0, 1, 1, 0, 0, 0, 0]
listaRecompensa: [0, -10, 10, -10, -10, 10, -10, -10, 10, -10, -10, -10, 10, 10, -10, -10, 10, -10, 10, 10, 10, 10, 10, 10, -10, 10, -10, -10, 10, 10, 10, 10]
Medias: [(0, 0, 0), (268, 179, 0), (252, 165, 0), (179, 117, 0), (179, 120, 0), (306, 202, 0), (208, 138, 0), (225, 147, 0), (2668, 1780, 56), (1249, 831, 33), (236, 157, 1), (4146, 2763, 0), (4613, 3075, 0), (179, 117, 0), (202, 131, 0), (463, 312, 0), (589, 393, 0), (4492, 2994, 54), (544, 280, 0), (324, 213, 0), (3140, 2093, 0), (320, 209, 0), (167, 110, 0), (363, 240, 0), (263, 176, 0), (236, 160, 0), (190, 126, 0), (199, 129, 0), (176, 114, 0), (344, 228, 0), (199, 134, 0), (160, 105, 0)]
Episode:  2 / 20 Score:  31 epsilon:  0.29846845658843124 ação:  0 TempoEpisodio: 2018.8802978992462 Reward: 10
listaacao: [0, 1, 1, 1, 0, 0, 0, 1, 0, 1, 1, 0, 1, 0, 0, 0, 0, 1, 0, 1, 1, 0, 1, 1, 1, 1, 0, 1, 1, 0, 1, 0]
listaRecompensa: [0, -10, -10, 10, 10, 10, -10, 10, 10, -10, 10, -10, -10, 10, 10, 10, 10, -10, -10, -10, 10, -10, -10, -10, -10, 10, -10, 10, -10, 10, -10, 10]
Medias: [(0, 0, 0), (259, 171, 0), (169, 114, 0), (252, 165, 1), (196, 130, 0), (541, 356, 0), (2748, 1830, 0), (1953, 1299, 0), (220, 145, 0), (247, 164, 0), (3352, 2216, 55), (930, 618, 27), (266, 178, 0), (172, 108, 0), (172, 114, 0), (169, 113, 0), (386, 255, 0), (161, 104, 0), (3972, 2649, 25), (200, 133, 0), (3116, 2076, 30), (272, 180, 9), (353, 230, 0), (209, 135, 0), (218, 143, 0), (5360, 3573, 47), (594, 393, 26), (4463, 2974, 53), (186, 125, 0), (333, 223, 0), (346, 231, 0), (298, 193, 0)]
Episode:  3 / 20 Score:  31 epsilon:  0.1840169447233663 ação:  0 TempoEpisodio: 2017.6929659843445 Reward: 10
listaacao: [0, 0, 0, 1, 0, 1, 0, 1, 0, 1, 0, 1, 0, 0, 0, 1, 0, 1, 0, 0, 1, 0, 0, 0, 0, 1, 1, 1, 0, 0, 1, 0]
listaRecompensa: [0, 10, -10, 10, -10, 10, 10, -10, 10, -10, 10, -10, -10, -10, 10, 10, -10, -10, 10, 10, 10, -10, -10, 10, 10, 10, -10, 10, 10, -10, -10, 10]
Medias: [(0, 0, 0), (232, 151, 0), (1596, 1064, 0), (2806, 1871, 0), (1932, 1288, 48), (2696, 1797, 54), (193, 128, 0), (193, 125, 0), (196, 126, 0), (169, 112, 0), (167, 109, 0), (259, 171, 0), (223, 146, 5), (233, 156, 1), (226, 149, 0), (5131, 3421, 0), (4697, 3131, 38), (155, 103, 0), (191, 128, 0), (320, 212, 0), (3914, 2609, 0), (335, 220, 1), (4401, 2934, 38), (511, 341, 0), (233, 153, 0), (5287, 3526, 0), (159, 106, 0), (291, 195, 4), (168, 109, 0), (2703, 1801, 30), (243, 158, 0), (200, 132, 0)]
Episode:  4 / 20 Score:  31 epsilon:  0.11345331541019858 ação:  0 TempoEpisodio: 2017.473864555359 Reward: 10
listaacao: [0, 1, 0, 1, 0, 0, 1, 1, 1, 1, 1, 0, 0, 0, 0, 0, 1, 0, 1, 0, 0, 1, 0, 1, 0, 0, 1, 0, 1, 0, 0, 0]
listaRecompensa: [0, -10, -10, 10, 10, -10, 10, 10, 10, 10, -10, 10, -10, 10, 10, 10, 10, 10, -10, -10, 10, 10, 10, -10, 10, -10, 10, -10, 10, 10, 10, 10]
Medias: [(0, 0, 0), (196, 127, 0), (1468, 979, 54), (1221, 813, 21), (191, 129, 0), (2236, 1491, 0), (4526, 3016, 0), (2223, 1483, 24), (2925, 1951, 54), (849, 564, 26), (199, 126, 0), (169, 111, 0), (186, 124, 2), (172, 108, 0), (171, 112, 0), (191, 127, 0), (4136, 2756, 0), (201, 132, 0), (161, 106, 0), (4324, 2882, 34), (174, 113, 0), (4345, 2897, 0), (273, 181, 0), (189, 130, 0), (171, 113, 0), (215, 143, 14), (4935, 3290, 0), (507, 338, 12), (4709, 3140, 27), (224, 145, 0), (197, 133, 0), (305, 203, 0)]
Episode:  5 / 20 Score:  31 epsilon:  0.06994820393804511 ação:  0 TempoEpisodio: 2018.5183081626892 Reward: 10
listaacao: [0, 0, 0, 0, 0, 0, 0, 0, 0, 0, 0, 0, 0, 1, 0, 0, 0, 1, 1, 1, 0, 1, 0, 0, 1, 0, 0, 1, 0, 1, 0, 0]
listaRecompensa: [0, 10, 10, 10, 10, 10, 10, 10, 10, 10, 10, 10, 10, 10, -10, 10, 10, 10, 10, -10, 10, 10, 10, 10, -10, 10, 10, -10, 10, -10, 10, 10]
Medias: [(0, 0, 0), (198, 128, 0), (286, 186, 0), (280, 186, 0), (501, 331, 0), (223, 146, 0), (399, 264, 0), (166, 108, 0), (198, 130, 0), (187, 126, 0), (282, 187, 0), (319, 210, 0), (204, 132, 0), (4246, 2829, 0), (225, 145, 1), (186, 126, 0), (155, 99, 0), (4296, 2864, 0), (5283, 3523, 37), (197, 131, 0), (212, 143, 0), (5010, 3338, 54), (286, 187, 0), (291, 194, 0), (173, 114, 0), (186, 122, 0), (215, 148, 0), (300, 196, 0), (302, 197, 0), (224, 149, 0), (264, 176, 0), (206, 133, 0)]
Episode:  6 / 20 Score:  31 epsilon:  0.04312567875577948 ação:  1 TempoEpisodio: 2020.6218423843384 Reward: 10
listaacao: [0, 0, 1, 0, 1, 0, 0, 0, 0, 0, 0, 0, 0, 1, 1, 0, 0, 0, 0, 0, 0, 0, 0, 0, 0, 1, 0, 1, 0, 0, 0, 1]
listaRecompensa: [0, -10, 10, -10, 10, -10, -10, 10, 10, 10, 10, 10, 10, 10, 10, -10, 10, 10, 10, 10, 10, 10, 10, 10, 10, 10, -10, 10, 10, 10, 10, 10]
Medias: [(0, 0, 0), (1489, 990, 0), (3058, 2037, 0), (1510, 1008, 55), (2698, 1798, 53), (2434, 1623, 55), (1574, 1047, 33), (179, 119, 0), (243, 161, 0), (490, 324, 0), (446, 299, 0), (301, 200, 0), (324, 214, 0), (3636, 2424, 0), (5063, 3376, 57), (597, 395, 2), (206, 134, 0), (252, 170, 0), (170, 111, 0), (271, 182, 0), (289, 192, 0), (333, 221, 0), (372, 248, 0), (313, 208, 0), (503, 334, 0), (4905, 3225, 0), (186, 122, 1), (4384, 2923, 35), (172, 113, 0), (191, 123, 0), (154, 98, 0), (2571, 1713, 0)]
Episode:  7 / 20 Score:  31 epsilon:  0.02658859074914894 ação:  0 TempoEpisodio: 2019.6282224655151 Reward: 10
listaacao: [0, 0, 0, 0, 1, 0, 0, 0, 1, 1, 0, 1, 1, 1, 0, 0, 1, 1, 0, 0, 0, 0, 0, 0, 0, 0, 0, 1, 1, 0, 0, 0]
listaRecompensa: [0, 10, 10, -10, 10, 10, 10, 10, 10, 10, 10, -10, -10, 10, -10, 10, -10, 10, 10, -10, 10, -10, -10, 10, 10, 10, 10, -10, 10, 10, 10, 10]
Medias: [(0, 0, 0), (207, 133, 0), (212, 142, 0), (1527, 1019, 0), (2744, 1827, 0), (227, 148, 0), (324, 215, 0), (218, 143, 0), (3590, 2392, 0), (833, 554, 46), (280, 185, 0), (150, 95, 0), (249, 167, 0), (4759, 3173, 55), (4352, 2876, 50), (166, 110, 0), (194, 129, 0), (4043, 2695, 47), (239, 158, 0), (228, 152, 1), (222, 148, 0), (5423, 3616, 0), (4761, 3176, 0), (252, 169, 0), (338, 225, 0), (258, 174, 0), (401, 270, 0), (379, 251, 0), (5294, 3530, 49), (559, 373, 0), (236, 155, 0), (244, 161, 0)]
Episode:  8 / 20 Score:  31 epsilon:  0.016392858696304843 ação:  0 TempoEpisodio: 2020.0949807167053 Reward: -10
listaacao: [0, 1, 1, 0, 0, 0, 1, 1, 0, 0, 0, 0, 0, 0, 1, 0, 0, 0, 0, 0, 0, 1, 0, 0, 1, 1, 0, 1, 1, 0, 1, 0]
listaRecompensa: [0, 10, 10, -10, 10, 10, 10, 10, -10, -10, 10, 10, 10, 10, 10, 10, 10, 10, 10, 10, 10, 10, -10, 10, 10, 10, 10, 10, 10, -10, 10, -10]
Medias: [(0, 0, 0), (4293, 2861, 0), (3083, 2054, 44), (226, 151, 8), (235, 155, 0), (276, 183, 0), (3245, 2161, 0), (1210, 804, 40), (3702, 2469, 47), (738, 492, 40), (211, 139, 0), (342, 228, 0), (192, 123, 0), (269, 176, 0), (4356, 2904, 0), (208, 139, 0), (621, 415, 0), (178, 117, 0), (182, 121, 0), (189, 124, 0), (166, 107, 0), (4724, 3149, 0), (214, 145, 11), (179, 120, 0), (4567, 3044, 0), (3565, 2301, 47), (215, 142, 0), (4086, 2723, 41), (4406, 2938, 20), (324, 213, 1), (4433, 2955, 57), (1295, 861, 53)]
Episode:  9 / 20 Score:  31 epsilon:  0.010106809299233686 ação:  0 TempoEpisodio: 2020.229420185089 Reward: 10
listaacao: [0, 1, 1, 1, 0, 0, 0, 1, 0, 0, 0, 0, 0, 0, 0, 0, 0, 0, 0, 0, 0, 0, 0, 1, 0, 1, 1, 0, 0, 1, 1, 0]
listaRecompensa: [0, 10, 10, 10, 10, 10, 10, -10, 10, 10, 10, 10, 10, 10, 10, 10, 10, 10, 10, 10, 10, 10, 10, 10, 10, 10, 10, -10, 10, 10, 10, 10]
Medias: [(0, 0, 0), (3820, 2546, 0), (4554, 3036, 30), (2739, 1824, 51), (216, 142, 0), (197, 130, 0), (241, 160, 0), (270, 182, 0), (199, 134, 0), (222, 147, 0), (419, 279, 0), (291, 193, 0), (197, 132, 0), (241, 161, 0), (156, 100, 0), (252, 166, 0), (205, 132, 0), (525, 350, 0), (130, 80, 0), (337, 224, 0), (449, 297, 0), (174, 109, 0), (246, 163, 0), (4401, 2933, 0), (225, 152, 0), (4477, 2985, 13), (4633, 3089, 57), (219, 149, 1), (445, 298, 0), (4566, 3045, 0), (2226, 1482, 31), (175, 111, 0)]
Episode:  10 / 20 Score:  31 epsilon:  0.009955207159745181 ação:  0 TempoEpisodio: 2020.576890707016 Reward: -10
listaacao: [0, 0, 0, 0, 0, 1, 1, 0, 0, 1, 0, 1, 1, 0, 1, 0, 0, 0, 0, 1, 0, 0, 0, 0, 1, 0, 1, 0, 0, 1, 1, 0]
listaRecompensa: [0, 10, -10, -10, 10, 10, 10, 10, 10, 10, 10, 10, 10, 10, 10, 10, 10, 10, 10, 10, 10, 10, 10, 10, 10, 10, -10, 10, -10, 10, 10, -10]
Medias: [(0, 0, 0), (210, 134, 0), (2015, 1341, 0), (1744, 1161, 0), (165, 106, 0), (2447, 1630, 0), (505, 335, 32), (214, 142, 0), (271, 181, 0), (3629, 2419, 0), (231, 152, 0), (4868, 3247, 51), (5205, 3470, 39), (311, 205, 0), (5460, 3640, 37), (210, 138, 0), (258, 171, 0), (167, 108, 0), (160, 101, 0), (5321, 3548, 0), (402, 268, 0), (661, 439, 0), (353, 234, 0), (271, 178, 0), (3665, 2443, 0), (209, 131, 0), (246, 161, 0), (179, 112, 0), (845, 563, 5), (4334, 2889, 0), (2381, 1589, 44), (455, 304, 3)]
Episode:  11 / 20 Score:  31 epsilon:  0.009955207159745181 ação:  1 TempoEpisodio: 2019.345104932785 Reward: 10
listaacao: [0, 0, 0, 0, 1, 1, 0, 0, 1, 0, 1, 0, 0, 1, 1, 0, 0, 0, 1, 0, 0, 0, 0, 0, 0, 0, 0, 0, 0, 0, 1, 1]
listaRecompensa: [0, 10, 10, 10, 10, 10, 10, 10, 10, -10, -10, 10, 10, 10, 10, 10, -10, 10, 10, 10, -10, 10, 10, 10, 10, 10, 10, 10, 10, 10, 10, 10]
Medias: [(0, 0, 0), (227, 149, 0), (200, 130, 0), (193, 127, 0), (2526, 1684, 0), (1239, 827, 38), (198, 126, 0), (205, 138, 0), (4196, 2797, 0), (178, 119, 4), (338, 224, 0), (227, 149, 0), (191, 126, 0), (5097, 3400, 0), (4799, 3200, 40), (290, 195, 0), (274, 185, 3), (177, 119, 0), (5405, 3604, 0), (224, 144, 0), (304, 203, 3), (376, 254, 0), (274, 185, 0), (328, 220, 0), (216, 145, 0), (315, 211, 0), (163, 106, 0), (179, 118, 0), (167, 107, 0), (220, 145, 0), (1549, 1033, 0), (2678, 1783, 38)]
Episode:  12 / 20 Score:  31 epsilon:  0.009955207159745181 ação:  0 TempoEpisodio: 2019.797902584076 Reward: 10
listaacao: [1, 1, 1, 1, 0, 1, 0, 0, 1, 0, 0, 0, 1, 0, 0, 0, 0, 0, 0, 0, 0, 0, 1, 0, 1, 0, 1, 1, 1, 1, 0, 0]
listaRecompensa: [0, 10, 10, 10, 10, 10, 10, 10, 10, 10, 10, 10, -10, -10, 10, 10, 10, 10, 10, 10, 10, 10, 10, 10, 10, -10, 10, 10, 10, 10, 10, 10]
Medias: [(0, 0, 0), (2335, 1558, 51), (3538, 2358, 36), (1275, 848, 57), (368, 241, 0), (3430, 2285, 0), (187, 125, 0), (172, 110, 0), (4839, 3225, 0), (239, 156, 0), (518, 341, 0), (160, 109, 0), (279, 187, 0), (567, 377, 3), (249, 166, 0), (183, 126, 0), (223, 149, 0), (215, 142, 0), (247, 162, 0), (226, 150, 0), (158, 106, 0), (203, 135, 0), (4326, 2884, 0), (210, 137, 0), (4523, 2964, 44), (590, 391, 57), (3533, 2355, 56), (1007, 669, 46), (3925, 2617, 44), (2982, 1987, 50), (171, 112, 0), (186, 122, 0)]
Episode:  13 / 20 Score:  31 epsilon:  0.009955207159745181 ação:  1 TempoEpisodio: 2018.7496874332428 Reward: 10
listaacao: [1, 0, 0, 1, 1, 0, 0, 1, 0, 0, 0, 0, 1, 1, 1, 0, 0, 1, 0, 1, 0, 0, 1, 0, 0, 0, 0, 0, 0, 0, 0, 1]
listaRecompensa: [0, 10, 10, 10, 10, 10, 10, -10, 10, 10, 10, 10, 10, 10, 10, 10, -10, 10, 10, -10, 10, 10, 10, 10, 10, 10, 10, 10, 10, 10, 10, 10]
Medias: [(0, 0, 0), (326, 217, 0), (233, 154, 0), (3388, 2258, 0), (904, 602, 7), (216, 142, 0), (186, 123, 0), (284, 189, 0), (254, 168, 0), (173, 112, 0), (425, 283, 0), (368, 247, 0), (4161, 2774, 0), (4702, 3134, 33), (4260, 2841, 49), (316, 209, 0), (182, 119, 2), (4272, 2848, 0), (199, 126, 0), (348, 233, 0), (259, 173, 0), (190, 129, 0), (4862, 3244, 0), (254, 168, 0), (207, 133, 0), (196, 127, 0), (184, 119, 0), (187, 124, 0), (217, 139, 0), (324, 216, 0), (245, 163, 0), (1639, 1092, 0)]
Episode:  14 / 20 Score:  31 epsilon:  0.009955207159745181 ação:  1 TempoEpisodio: 2020.6992013454437 Reward: 10
listaacao: [0, 0, 1, 0, 1, 0, 0, 1, 0, 0, 0, 0, 0, 0, 0, 1, 0, 1, 0, 0, 0, 0, 0, 1, 0, 0, 1, 0, 0, 0, 0, 1]
listaRecompensa: [0, 10, 10, -10, 10, 10, 10, 10, 10, -10, 10, 10, 10, 10, 10, 10, 10, 10, 10, 10, 10, 10, 10, 10, 10, 10, -10, 10, 10, 10, -10, 10]
Medias: [(0, 0, 0), (165, 110, 0), (2678, 1785, 0), (1359, 905, 31), (4741, 3162, 2), (687, 458, 0), (265, 171, 0), (5689, 3794, 0), (239, 160, 0), (346, 230, 9), (260, 173, 0), (214, 143, 0), (337, 225, 0), (284, 189, 0), (393, 263, 0), (5258, 3490, 0), (207, 138, 0), (4902, 3267, 57), (218, 147, 0), (240, 164, 0), (200, 128, 0), (345, 226, 0), (272, 179, 0), (4871, 3248, 0), (210, 138, 0), (345, 226, 0), (282, 187, 0), (225, 150, 0), (190, 123, 0), (183, 123, 0), (2813, 1874, 0), (4593, 3062, 0)]
Episode:  15 / 20 Score:  31 epsilon:  0.009955207159745181 ação:  1 TempoEpisodio: 2020.0085594654083 Reward: 10
listaacao: [0, 0, 0, 0, 0, 0, 0, 0, 0, 0, 0, 0, 1, 0, 0, 0, 0, 0, 1, 1, 0, 0, 1, 1, 1, 0, 0, 0, 1, 1, 1, 1]
listaRecompensa: [0, 10, 10, 10, 10, 10, 10, 10, 10, 10, 10, 10, 10, 10, 10, 10, 10, 10, 10, 10, 10, 10, 10, 10, 10, 10, 10, 10, -10, 10, 10, 10]
Medias: [(0, 0, 0), (267, 173, 0), (241, 162, 0), (191, 128, 0), (211, 138, 0), (169, 112, 0), (200, 131, 0), (225, 146, 0), (211, 135, 0), (169, 113, 0), (271, 178, 0), (249, 167, 0), (4962, 3307, 0), (230, 150, 0), (181, 117, 0), (223, 146, 0), (207, 131, 0), (222, 145, 0), (4570, 3047, 0), (5014, 3343, 53), (179, 116, 0), (313, 208, 0), (3940, 2630, 0), (4094, 2731, 23), (3246, 2164, 50), (198, 131, 0), (221, 145, 0), (299, 197, 0), (235, 157, 0), (3344, 2228, 58), (5059, 3373, 46), (1952, 1301, 45)]
Episode:  16 / 20 Score:  31 epsilon:  0.009955207159745181 ação:  1 TempoEpisodio: 2020.0384571552277 Reward: 10
listaacao: [0, 0, 0, 1, 0, 0, 1, 0, 0, 0, 0, 0, 1, 0, 0, 0, 0, 0, 1, 0, 0, 0, 0, 0, 0, 0, 1, 1, 0, 1, 0, 1]
listaRecompensa: [0, -10, 10, 10, 10, 10, 10, 10, 10, 10, 10, 10, 10, 10, 10, 10, 10, 10, 10, 10, 10, 10, 10, 10, 10, -10, 10, 10, 10, 10, -10, 10]
Medias: [(0, 0, 0), (175, 112, 2), (217, 146, 0), (4014, 2677, 0), (526, 351, 0), (193, 130, 0), (5188, 3458, 0), (174, 111, 0), (551, 369, 0), (488, 322, 0), (230, 152, 0), (264, 175, 0), (4786, 3191, 0), (187, 123, 0), (178, 113, 0), (164, 106, 0), (172, 112, 0), (204, 136, 0), (4511, 3008, 0), (255, 172, 0), (229, 154, 0), (172, 117, 0), (255, 172, 0), (184, 120, 0), (286, 188, 0), (1189, 792, 0), (4761, 3175, 0), (1858, 1239, 40), (185, 120, 0), (2618, 1746, 0), (985, 657, 36), (3354, 2236, 0)]
Episode:  17 / 20 Score:  31 epsilon:  0.009955207159745181 ação:  1 TempoEpisodio: 2020.2122824192047 Reward: 10
listaacao: [0, 0, 0, 0, 0, 1, 1, 1, 0, 1, 1, 0, 0, 0, 0, 0, 1, 0, 0, 0, 0, 0, 0, 1, 1, 1, 1, 0, 0, 0, 0, 1]
listaRecompensa: [0, 10, 10, 10, 10, 10, 10, 10, 10, 10, 10, -10, 10, 10, 10, 10, 10, 10, 10, 10, 10, 10, 10, 10, 10, 10, 10, 10, 10, 10, 10, 10]
Medias: [(0, 0, 0), (177, 117, 0), (191, 123, 0), (217, 145, 0), (390, 259, 0), (5259, 3506, 0), (5009, 3341, 45), (5363, 3576, 43), (223, 142, 0), (5187, 3458, 55), (4715, 3143, 53), (182, 119, 1), (235, 157, 0), (351, 237, 0), (185, 124, 0), (284, 190, 0), (5066, 3379, 0), (206, 137, 0), (318, 213, 0), (216, 141, 0), (161, 103, 0), (295, 196, 0), (440, 289, 0), (1140, 758, 0), (5300, 3532, 38), (3949, 2633, 48), (2359, 1573, 46), (200, 133, 0), (228, 154, 0), (386, 253, 0), (264, 173, 0), (3581, 2387, 0)]
Episode:  18 / 20 Score:  31 epsilon:  0.009955207159745181 ação:  0 TempoEpisodio: 2020.1566035747528 Reward: 10
listaacao: [1, 1, 0, 0, 1, 1, 0, 0, 0, 1, 0, 0, 0, 0, 0, 0, 1, 0, 0, 1, 1, 1, 1, 0, 0, 1, 0, 0, 0, 0, 0, 0]
listaRecompensa: [0, 10, -10, 10, 10, -10, -10, -10, 10, 10, 10, 10, 10, 10, 10, 10, 10, 10, 10, 10, 10, 10, 10, 10, 10, -10, 10, -10, 10, 10, 10, 10]
Medias: [(0, 0, 0), (871, 578, 24), (165, 111, 1), (302, 201, 0), (3994, 2661, 0), (161, 102, 0), (373, 245, 6), (230, 154, 16), (214, 142, 0), (3851, 2568, 0), (175, 118, 0), (207, 134, 0), (166, 107, 0), (299, 200, 0), (249, 165, 0), (185, 122, 0), (4146, 2766, 0), (295, 195, 0), (280, 189, 0), (4759, 3171, 0), (4225, 2814, 30), (918, 609, 59), (2805, 1870, 49), (200, 132, 0), (186, 122, 0), (196, 128, 0), (175, 115, 0), (201, 134, 1), (299, 196, 0), (192, 124, 0), (285, 187, 0), (200, 133, 0)]
Episode:  19 / 20 Score:  31 epsilon:  0.009955207159745181 ação:  0 TempoEpisodio: 2021.27002286911 Reward: 10
listaacao: [1, 0, 0, 0, 0, 1, 1, 0, 1, 0, 0, 1, 1, 0, 0, 0, 0, 0, 1, 0, 1, 1, 0, 0, 0, 0, 1, 1, 1, 1, 0, 0]
listaRecompensa: [0, 10, 10, 10, 10, 10, 10, -10, 10, 10, 10, 10, 10, 10, 10, 10, 10, 10, 10, 10, -10, 10, 10, -10, 10, 10, 10, 10, 10, 10, 10, 10]
Medias: [(0, 0, 0), (361, 239, 0), (310, 209, 0), (184, 123, 0), (276, 183, 0), (4089, 2725, 0), (4534, 3022, 30), (175, 116, 1), (5431, 3622, 48), (213, 141, 0), (156, 105, 0), (4863, 3241, 0), (4392, 2928, 45), (399, 264, 0), (327, 219, 0), (244, 164, 0), (324, 216, 0), (297, 198, 0), (4012, 2674, 0), (319, 210, 0), (844, 561, 0), (3351, 2232, 30), (168, 110, 0), (162, 105, 3), (668, 444, 0), (215, 146, 0), (2950, 1968, 0), (1426, 952, 46), (3713, 2475, 54), (904, 600, 39), (159, 102, 0), (286, 190, 0)]
