Episode:  0 / 20 Score:  31 epsilon:  0.6142536534626856 ação:  1 TempoEpisodio: 1985.3614249229431 Reward: -10
listaacao: [1, 0, 1, 1, 0, 1, 0, 1, 0, 0, 1, 1, 0, 1, 1, 0, 1, 1, 1, 0, 1, 1, 0, 0, 1, 1, 1, 0, 0, 0, 0, 1]
listaRecompensa: [0, -10, -10, -10, 10, -10, 10, -10, 10, 10, -10, -10, -10, -10, -10, 10, -10, -10, -10, 10, -10, -10, -10, -10, 10, -10, 10, -10, 10, 10, 10, -10]
Medias: [(0, 0, 0), (191, 128, 1), (188, 127, 0), (246, 167, 0), (322, 214, 0), (170, 114, 0), (283, 188, 0), (298, 196, 0), (162, 107, 0), (245, 164, 0), (256, 174, 0), (178, 115, 0), (4189, 2793, 49), (256, 169, 0), (245, 159, 0), (343, 227, 0), (286, 191, 0), (189, 123, 0), (286, 190, 0), (162, 107, 0), (253, 166, 0), (268, 178, 0), (285, 191, 1), (4964, 3311, 54), (4635, 3090, 0), (511, 339, 0), (5051, 3369, 45), (3310, 2207, 48), (176, 113, 0), (304, 201, 0), (187, 122, 0), (253, 169, 0)]
Episode:  1 / 20 Score:  31 epsilon:  0.23176254155320164 ação:  1 TempoEpisodio: 2021.3012602329254 Reward: 10
listaacao: [1, 0, 0, 0, 0, 0, 0, 0, 0, 0, 0, 1, 1, 0, 0, 0, 1, 0, 0, 0, 0, 1, 0, 1, 0, 1, 0, 1, 1, 0, 0, 1]
listaRecompensa: [0, 10, -10, 10, -10, 10, 10, 10, -10, -10, -10, -10, -10, 10, 10, -10, 10, 10, 10, 10, 10, 10, -10, 10, 10, -10, -10, 10, -10, 10, 10, 10]
Medias: [(0, 0, 0), (214, 145, 0), (2676, 1785, 59), (510, 338, 0), (3258, 2172, 0), (162, 106, 0), (172, 114, 0), (191, 124, 0), (1846, 1229, 0), (4108, 2738, 0), (1601, 1066, 0), (279, 186, 0), (189, 123, 0), (212, 142, 0), (339, 224, 0), (4149, 2765, 0), (4448, 2965, 0), (184, 123, 0), (190, 127, 0), (172, 115, 0), (248, 168, 0), (4834, 3223, 0), (475, 319, 4), (3891, 2592, 58), (184, 124, 0), (188, 127, 0), (4150, 2766, 22), (322, 216, 2), (245, 163, 0), (159, 102, 0), (204, 134, 0), (4429, 2953, 0)]
Episode:  2 / 20 Score:  31 epsilon:  0.08744575691882718 ação:  0 TempoEpisodio: 2021.5134210586548 Reward: 10
listaacao: [1, 0, 0, 0, 1, 1, 0, 0, 0, 0, 0, 0, 1, 0, 0, 0, 0, 1, 0, 0, 0, 0, 1, 0, 0, 0, 0, 1, 1, 0, 1, 0]
listaRecompensa: [0, 10, 10, 10, 10, 10, 10, -10, 10, 10, 10, 10, 10, 10, 10, 10, 10, 10, -10, 10, 10, 10, 10, 10, 10, 10, 10, -10, 10, 10, -10, 10]
Medias: [(0, 0, 0), (242, 161, 0), (214, 144, 0), (209, 136, 0), (1599, 1065, 0), (3029, 2017, 34), (287, 185, 0), (351, 231, 19), (204, 138, 0), (440, 291, 0), (178, 119, 0), (169, 107, 0), (3823, 2546, 0), (338, 225, 0), (161, 106, 0), (190, 123, 0), (311, 202, 0), (4881, 3253, 0), (504, 336, 2), (268, 160, 0), (420, 281, 0), (208, 138, 0), (4561, 3041, 0), (216, 143, 0), (205, 136, 0), (271, 180, 0), (479, 319, 0), (228, 150, 0), (4465, 2977, 38), (243, 160, 0), (194, 129, 0), (290, 190, 0)]
Episode:  3 / 20 Score:  31 epsilon:  0.03299394437021773 ação:  0 TempoEpisodio: 2019.7740099430084 Reward: 10
listaacao: [1, 1, 0, 1, 1, 0, 0, 0, 0, 0, 0, 1, 0, 0, 0, 0, 0, 0, 0, 1, 1, 1, 0, 0, 0, 1, 0, 0, 1, 0, 0, 0]
listaRecompensa: [0, 10, -10, 10, 10, -10, 10, 10, 10, 10, 10, -10, 10, 10, 10, 10, 10, 10, 10, 10, 10, -10, 10, 10, 10, 10, 10, 10, 10, 10, 10, 10]
Medias: [(0, 0, 0), (3293, 2196, 46), (1463, 973, 51), (1593, 1061, 42), (290, 190, 1), (583, 388, 6), (360, 238, 0), (199, 129, 0), (172, 114, 0), (231, 158, 0), (178, 118, 0), (276, 185, 0), (164, 110, 0), (287, 190, 0), (268, 178, 0), (244, 161, 0), (310, 207, 0), (211, 138, 0), (299, 199, 0), (4342, 2895, 0), (4067, 2710, 23), (161, 102, 0), (278, 188, 0), (175, 111, 0), (149, 98, 0), (5330, 3553, 0), (256, 173, 0), (205, 134, 0), (4537, 3024, 0), (169, 109, 0), (244, 162, 0), (171, 114, 0)]
Episode:  4 / 20 Score:  31 epsilon:  0.012448864341302825 ação:  0 TempoEpisodio: 2022.7619638442993 Reward: -10
listaacao: [1, 1, 0, 1, 0, 0, 0, 1, 0, 0, 0, 0, 0, 1, 0, 0, 1, 0, 0, 0, 1, 0, 0, 0, 0, 0, 0, 0, 1, 1, 0, 0]
listaRecompensa: [0, 10, 10, 10, 10, -10, -10, 10, -10, 10, 10, 10, 10, 10, 10, 10, -10, 10, 10, 10, 10, 10, 10, 10, 10, 10, 10, 10, -10, 10, 10, -10]
Medias: [(0, 0, 0), (3337, 2226, 49), (311, 206, 0), (246, 164, 1), (196, 129, 0), (2313, 1542, 0), (1736, 1152, 0), (3605, 2405, 0), (1245, 827, 28), (414, 276, 0), (217, 141, 0), (345, 232, 0), (224, 151, 0), (4389, 2927, 0), (168, 110, 0), (148, 91, 0), (344, 231, 0), (187, 124, 0), (218, 143, 0), (480, 321, 0), (5552, 3703, 0), (206, 135, 0), (299, 197, 0), (352, 234, 0), (326, 217, 0), (176, 111, 0), (463, 309, 0), (343, 229, 0), (276, 182, 0), (3172, 2113, 50), (182, 117, 0), (1443, 961, 1)]
Episode:  5 / 20 Score:  31 epsilon:  0.009756714760036816 ação:  1 TempoEpisodio: 2021.5324139595032 Reward: 10
listaacao: [1, 0, 0, 0, 0, 0, 0, 1, 1, 0, 0, 0, 0, 0, 0, 0, 0, 0, 0, 0, 0, 0, 0, 1, 1, 0, 0, 0, 1, 0, 1, 1]
listaRecompensa: [0, 10, 10, -10, -10, 10, 10, 10, 10, -10, 10, 10, 10, 10, 10, 10, 10, 10, 10, 10, 10, 10, 10, -10, 10, 10, -10, 10, 10, -10, 10, 10]
Medias: [(0, 0, 0), (164, 109, 0), (247, 163, 0), (2019, 1345, 0), (1066, 711, 0), (221, 142, 0), (177, 120, 0), (3998, 2662, 0), (4414, 2943, 46), (167, 107, 1), (158, 103, 0), (209, 134, 0), (327, 218, 0), (357, 234, 0), (176, 117, 0), (253, 167, 0), (167, 110, 0), (353, 201, 0), (171, 113, 0), (203, 135, 0), (177, 114, 0), (281, 189, 0), (162, 103, 0), (183, 121, 0), (4992, 3329, 19), (220, 144, 0), (329, 217, 3), (434, 284, 0), (3162, 2105, 0), (1741, 1159, 36), (5048, 3363, 25), (2198, 1465, 23)]
Episode:  6 / 20 Score:  31 epsilon:  0.009756714760036816 ação:  1 TempoEpisodio: 2021.5624468326569 Reward: 10
listaacao: [1, 0, 0, 0, 0, 0, 1, 0, 0, 1, 0, 0, 0, 0, 0, 0, 0, 0, 1, 1, 0, 0, 0, 0, 0, 0, 0, 0, 0, 0, 1, 1]
listaRecompensa: [0, -10, 10, 10, 10, 10, 10, 10, 10, 10, 10, -10, 10, 10, 10, 10, 10, 10, 10, 10, -10, 10, 10, 10, 10, 10, 10, 10, 10, 10, 10, 10]
Medias: [(0, 0, 0), (939, 627, 36), (186, 122, 0), (267, 171, 0), (241, 160, 0), (290, 191, 0), (3942, 2630, 0), (212, 143, 0), (441, 295, 0), (4594, 3064, 0), (228, 150, 0), (179, 119, 1), (229, 152, 0), (191, 122, 0), (222, 147, 0), (470, 316, 0), (232, 156, 0), (228, 151, 0), (4902, 3268, 0), (5008, 3338, 49), (406, 274, 3), (210, 127, 0), (399, 265, 0), (449, 296, 0), (162, 104, 0), (215, 140, 0), (223, 146, 0), (187, 120, 0), (473, 310, 0), (250, 166, 0), (2142, 1430, 0), (2400, 1599, 26)]
Episode:  7 / 20 Score:  31 epsilon:  0.009756714760036816 ação:  1 TempoEpisodio: 2022.9296016693115 Reward: 10
listaacao: [1, 1, 0, 1, 0, 0, 0, 0, 0, 0, 0, 0, 0, 0, 1, 1, 1, 0, 0, 0, 0, 0, 0, 0, 1, 1, 1, 0, 0, 0, 0, 1]
listaRecompensa: [0, 10, -10, 10, 10, 10, 10, 10, 10, 10, 10, 10, 10, 10, 10, 10, -10, 10, 10, 10, 10, 10, 10, 10, 10, 10, 10, -10, -10, 10, 10, 10]
Medias: [(0, 0, 0), (3357, 2237, 41), (875, 582, 24), (4134, 2756, 0), (843, 561, 0), (176, 117, 0), (346, 232, 0), (229, 144, 0), (498, 333, 0), (473, 315, 0), (258, 174, 0), (180, 118, 0), (169, 115, 0), (261, 177, 0), (3906, 2605, 0), (5695, 3798, 33), (161, 103, 0), (303, 200, 0), (305, 202, 0), (491, 327, 0), (159, 106, 0), (193, 126, 0), (231, 152, 0), (230, 153, 0), (3494, 2330, 0), (4116, 2744, 45), (2101, 1400, 47), (1101, 737, 33), (1790, 1191, 52), (193, 126, 0), (255, 174, 0), (3140, 2094, 0)]
Episode:  8 / 20 Score:  31 epsilon:  0.009756714760036816 ação:  0 TempoEpisodio: 2024.3944728374481 Reward: 10
listaacao: [1, 0, 0, 0, 1, 0, 0, 0, 0, 0, 0, 0, 0, 0, 0, 1, 1, 0, 0, 1, 1, 0, 0, 1, 0, 0, 0, 0, 0, 0, 0, 0]
listaRecompensa: [0, 10, 10, 10, 10, 10, -10, 10, 10, 10, 10, 10, 10, 10, 10, 10, 10, 10, 10, 10, 10, -10, 10, -10, 10, 10, 10, 10, 10, -10, -10, 10]
Medias: [(0, 0, 0), (169, 108, 0), (326, 217, 0), (219, 147, 0), (3916, 2611, 0), (157, 102, 0), (309, 206, 2), (204, 132, 0), (299, 198, 0), (258, 171, 0), (337, 224, 0), (152, 100, 0), (197, 132, 0), (208, 139, 0), (418, 280, 0), (4334, 2889, 0), (4857, 3239, 53), (398, 263, 0), (177, 115, 0), (5291, 3526, 0), (2891, 1927, 49), (288, 190, 2), (198, 130, 0), (167, 109, 0), (214, 140, 0), (197, 130, 0), (250, 165, 0), (265, 176, 0), (295, 199, 0), (3340, 2226, 0), (1187, 786, 0), (179, 117, 0)]
Episode:  9 / 20 Score:  31 epsilon:  0.009756714760036816 ação:  1 TempoEpisodio: 2023.5177547931671 Reward: 10
listaacao: [1, 0, 0, 0, 1, 0, 0, 1, 1, 1, 0, 0, 1, 1, 1, 0, 0, 1, 1, 1, 0, 0, 0, 0, 0, 0, 0, 1, 0, 0, 1, 1]
listaRecompensa: [0, 10, 10, 10, 10, 10, -10, 10, 10, 10, 10, 10, 10, 10, 10, -10, 10, 10, 10, 10, 10, 10, 10, 10, 10, 10, 10, 10, 10, 10, 10, 10]
Medias: [(0, 0, 0), (190, 127, 0), (238, 153, 0), (252, 168, 0), (4544, 3029, 0), (204, 137, 0), (330, 220, 16), (4754, 3170, 0), (5279, 3519, 42), (4935, 3290, 52), (241, 162, 0), (263, 176, 0), (5022, 3348, 0), (4222, 2816, 51), (4778, 3184, 17), (267, 178, 1), (194, 127, 0), (3455, 2303, 0), (3818, 2545, 41), (3860, 2574, 46), (191, 122, 0), (257, 171, 0), (320, 214, 0), (189, 124, 0), (220, 147, 0), (190, 128, 0), (432, 286, 0), (2601, 1734, 0), (475, 313, 0), (271, 180, 0), (4020, 2568, 0), (5040, 3361, 28)]
Episode:  10 / 20 Score:  31 epsilon:  0.009756714760036816 ação:  0 TempoEpisodio: 2021.393161535263 Reward: 10
listaacao: [1, 1, 0, 1, 1, 0, 1, 0, 0, 0, 0, 0, 0, 1, 0, 0, 1, 0, 0, 0, 0, 0, 0, 1, 0, 0, 0, 0, 0, 0, 1, 0]
listaRecompensa: [0, 10, 10, -10, 10, 10, 10, 10, 10, 10, 10, 10, 10, -10, 10, -10, 10, 10, 10, 10, 10, 10, 10, -10, -10, 10, 10, 10, 10, 10, 10, 10]
Medias: [(0, 0, 0), (5287, 3524, 53), (185, 120, 0), (158, 103, 0), (4601, 3067, 52), (167, 109, 0), (4624, 3083, 42), (169, 108, 0), (181, 113, 0), (184, 119, 0), (283, 190, 0), (255, 170, 0), (200, 132, 0), (188, 124, 0), (362, 241, 0), (273, 181, 1), (4805, 3203, 0), (171, 109, 0), (217, 146, 0), (213, 139, 0), (323, 215, 0), (256, 167, 0), (178, 117, 0), (202, 130, 0), (260, 171, 1), (264, 174, 0), (186, 121, 0), (177, 114, 0), (146, 95, 0), (757, 506, 0), (5687, 3792, 0), (280, 189, 0)]
Episode:  11 / 20 Score:  31 epsilon:  0.009756714760036816 ação:  0 TempoEpisodio: 2023.6376700401306 Reward: 10
listaacao: [1, 1, 1, 1, 1, 0, 0, 0, 0, 0, 0, 0, 0, 0, 0, 1, 1, 0, 0, 0, 0, 0, 0, 0, 0, 1, 1, 1, 0, 0, 1, 0]
listaRecompensa: [0, 10, 10, 10, 10, 10, 10, 10, 10, 10, 10, 10, 10, 10, 10, -10, 10, 10, -10, 10, 10, 10, 10, 10, 10, 10, 10, 10, 10, 10, 10, 10]
Medias: [(0, 0, 0), (5249, 3500, 47), (3654, 2442, 37), (3466, 2313, 44), (4419, 2943, 49), (301, 200, 0), (249, 166, 0), (302, 198, 0), (481, 318, 0), (226, 152, 0), (264, 175, 0), (264, 173, 0), (182, 124, 0), (293, 193, 0), (751, 499, 0), (966, 642, 0), (3163, 2107, 45), (168, 114, 0), (280, 186, 1), (241, 160, 0), (168, 109, 0), (210, 138, 0), (178, 119, 0), (166, 108, 0), (307, 201, 0), (4021, 2679, 0), (4424, 2950, 50), (4816, 3211, 51), (171, 114, 0), (175, 111, 0), (4221, 2814, 0), (235, 158, 0)]
Episode:  12 / 20 Score:  31 epsilon:  0.009756714760036816 ação:  0 TempoEpisodio: 2022.9600431919098 Reward: 10
listaacao: [1, 0, 0, 0, 0, 0, 0, 0, 0, 0, 0, 1, 0, 0, 0, 1, 0, 0, 0, 0, 0, 0, 0, 0, 1, 0, 1, 0, 0, 0, 1, 0]
listaRecompensa: [0, 10, 10, 10, 10, 10, 10, 10, 10, 10, 10, 10, 10, 10, 10, 10, 10, 10, 10, 10, 10, 10, 10, 10, 10, 10, 10, 10, 10, 10, 10, 10]
Medias: [(0, 0, 0), (238, 160, 0), (174, 114, 0), (235, 153, 0), (195, 126, 0), (438, 293, 0), (172, 110, 0), (205, 137, 0), (647, 429, 0), (315, 208, 0), (186, 121, 0), (3943, 2630, 0), (183, 120, 0), (168, 108, 0), (775, 514, 0), (2471, 1648, 0), (167, 109, 0), (183, 122, 0), (219, 139, 0), (173, 116, 0), (163, 107, 0), (288, 189, 0), (176, 113, 0), (161, 103, 0), (4338, 2893, 0), (149, 95, 0), (4361, 2909, 36), (204, 130, 0), (268, 179, 0), (361, 240, 0), (4778, 3185, 0), (231, 151, 0)]
Episode:  13 / 20 Score:  31 epsilon:  0.009756714760036816 ação:  1 TempoEpisodio: 2022.008695602417 Reward: 10
listaacao: [1, 0, 0, 0, 0, 0, 0, 0, 0, 1, 0, 0, 0, 0, 0, 0, 0, 0, 0, 0, 0, 0, 0, 0, 0, 0, 0, 0, 1, 0, 0, 1]
listaRecompensa: [0, 10, -10, 10, 10, 10, 10, 10, 10, 10, -10, -10, 10, 10, -10, -10, 10, 10, 10, 10, 10, 10, 10, 10, 10, 10, 10, 10, 10, 10, 10, 10]
Medias: [(0, 0, 0), (366, 244, 0), (161, 107, 1), (250, 167, 0), (186, 123, 0), (192, 130, 0), (382, 255, 0), (173, 111, 0), (402, 265, 0), (3834, 2553, 0), (700, 466, 55), (2458, 1636, 0), (296, 195, 0), (197, 131, 0), (1350, 896, 0), (1343, 896, 0), (215, 140, 0), (166, 105, 0), (190, 124, 0), (188, 125, 0), (169, 111, 0), (227, 148, 0), (184, 120, 0), (189, 119, 0), (347, 230, 0), (170, 108, 0), (516, 344, 0), (249, 165, 0), (4756, 3171, 0), (187, 121, 0), (190, 128, 0), (5201, 3467, 0)]
Episode:  14 / 20 Score:  31 epsilon:  0.009756714760036816 ação:  0 TempoEpisodio: 2023.5633294582367 Reward: 10
listaacao: [1, 1, 1, 1, 0, 0, 0, 0, 0, 0, 0, 0, 1, 1, 0, 1, 0, 1, 0, 0, 0, 1, 0, 0, 0, 0, 0, 0, 0, 0, 0, 0]
listaRecompensa: [0, 10, 10, 10, 10, 10, 10, 10, 10, 10, 10, 10, 10, 10, -10, 10, -10, 10, 10, 10, 10, 10, 10, 10, 10, 10, 10, 10, 10, 10, 10, 10]
Medias: [(0, 0, 0), (4992, 3331, 49), (4391, 2928, 45), (5029, 3353, 50), (265, 177, 0), (308, 206, 0), (240, 162, 0), (206, 136, 0), (267, 177, 0), (251, 164, 0), (225, 148, 0), (215, 140, 0), (1199, 798, 0), (3440, 2294, 47), (1584, 1057, 41), (3510, 2338, 0), (920, 611, 41), (4336, 2891, 0), (329, 216, 0), (179, 120, 0), (229, 153, 0), (4803, 3202, 0), (200, 134, 0), (214, 143, 0), (265, 178, 0), (305, 204, 0), (207, 137, 0), (199, 128, 0), (201, 130, 0), (182, 120, 0), (280, 183, 0), (328, 216, 0)]
Episode:  15 / 20 Score:  31 epsilon:  0.009756714760036816 ação:  0 TempoEpisodio: 2023.1055216789246 Reward: 10
listaacao: [1, 0, 0, 0, 0, 0, 0, 0, 0, 0, 0, 0, 1, 0, 0, 0, 0, 0, 0, 0, 0, 1, 0, 0, 1, 0, 0, 0, 0, 0, 0, 0]
listaRecompensa: [0, -10, -10, 10, 10, 10, -10, -10, 10, -10, -10, 10, 10, -10, 10, 10, 10, 10, 10, 10, 10, 10, 10, 10, 10, 10, 10, 10, 10, 10, 10, 10]
Medias: [(0, 0, 0), (410, 271, 6), (246, 165, 10), (258, 170, 0), (447, 299, 0), (304, 202, 0), (1042, 692, 0), (2942, 1960, 0), (586, 391, 0), (2421, 1594, 0), (2259, 1502, 0), (442, 297, 0), (2696, 1799, 0), (1476, 982, 21), (202, 132, 0), (189, 120, 0), (275, 180, 0), (169, 114, 0), (185, 113, 0), (215, 144, 0), (283, 171, 0), (4307, 2871, 0), (274, 179, 0), (172, 113, 0), (3958, 2640, 0), (211, 140, 0), (720, 478, 0), (186, 124, 0), (285, 186, 0), (217, 145, 0), (171, 108, 0), (179, 117, 0)]
Episode:  16 / 20 Score:  31 epsilon:  0.009756714760036816 ação:  1 TempoEpisodio: 2023.972683429718 Reward: 10
listaacao: [1, 0, 0, 0, 0, 0, 0, 1, 0, 1, 1, 1, 0, 0, 0, 1, 0, 1, 0, 0, 1, 0, 1, 0, 0, 0, 0, 0, 0, 1, 0, 1]
listaRecompensa: [0, -10, 10, -10, -10, 10, 10, 10, -10, 10, 10, 10, -10, -10, 10, -10, 10, 10, -10, 10, 10, 10, 10, 10, 10, 10, 10, 10, 10, 10, 10, 10]
Medias: [(0, 0, 0), (146, 99, 2), (176, 116, 0), (1357, 902, 0), (2698, 1797, 0), (183, 117, 0), (201, 132, 0), (2509, 1672, 0), (2151, 1433, 16), (2774, 1851, 0), (1750, 1168, 24), (2967, 1978, 26), (1110, 740, 57), (193, 128, 1), (205, 134, 0), (151, 98, 0), (200, 133, 0), (4348, 2899, 26), (219, 144, 1), (297, 200, 0), (3553, 2368, 0), (172, 109, 0), (4753, 3168, 41), (250, 165, 0), (148, 97, 0), (418, 277, 0), (200, 134, 0), (242, 159, 0), (214, 139, 0), (3384, 2257, 0), (543, 360, 0), (3862, 2575, 52)]
Episode:  17 / 20 Score:  31 epsilon:  0.009756714760036816 ação:  0 TempoEpisodio: 2023.3063461780548 Reward: 10
listaacao: [1, 1, 1, 0, 0, 0, 0, 0, 1, 0, 0, 1, 0, 0, 0, 0, 0, 1, 1, 1, 0, 0, 0, 0, 1, 0, 0, 0, 0, 0, 0, 0]
listaRecompensa: [0, 10, 10, 10, -10, 10, 10, 10, 10, -10, 10, 10, 10, 10, 10, 10, 10, 10, 10, 10, 10, -10, 10, 10, 10, -10, -10, 10, 10, 10, 10, 10]
Medias: [(0, 0, 0), (4250, 2832, 48), (3342, 2230, 41), (236, 161, 0), (269, 179, 8), (181, 118, 0), (197, 130, 0), (736, 442, 0), (3698, 2465, 0), (671, 446, 41), (198, 133, 0), (3534, 2354, 0), (241, 160, 0), (246, 163, 0), (359, 240, 0), (398, 268, 0), (165, 110, 0), (4147, 2764, 0), (4597, 3065, 47), (5253, 3503, 48), (160, 100, 0), (205, 134, 2), (475, 316, 0), (234, 155, 0), (4542, 3028, 0), (222, 146, 2), (202, 130, 2), (314, 207, 0), (289, 193, 0), (233, 154, 0), (609, 407, 0), (246, 164, 0)]
Episode:  18 / 20 Score:  31 epsilon:  0.009756714760036816 ação:  0 TempoEpisodio: 2023.2810213565826 Reward: 10
listaacao: [1, 0, 0, 0, 0, 0, 0, 1, 0, 0, 1, 0, 1, 0, 0, 0, 0, 0, 0, 0, 0, 1, 0, 1, 0, 0, 0, 1, 0, 0, 0, 0]
listaRecompensa: [0, 10, -10, 10, 10, 10, 10, 10, 10, 10, 10, 10, 10, 10, 10, 10, 10, 10, 10, 10, 10, 10, 10, 10, 10, 10, 10, 10, 10, 10, 10, 10]
Medias: [(0, 0, 0), (334, 222, 0), (306, 200, 2), (310, 205, 0), (267, 175, 0), (185, 123, 0), (177, 114, 0), (3352, 2236, 0), (508, 334, 0), (251, 165, 0), (4542, 3028, 0), (201, 135, 0), (4771, 3181, 45), (147, 97, 0), (318, 211, 0), (257, 172, 0), (374, 246, 0), (358, 238, 0), (166, 114, 0), (170, 111, 0), (206, 136, 0), (4808, 3205, 0), (269, 176, 0), (4183, 2788, 42), (163, 106, 0), (170, 108, 0), (749, 499, 0), (4424, 2947, 0), (163, 103, 0), (195, 127, 0), (213, 138, 0), (224, 144, 0)]
Episode:  19 / 20 Score:  31 epsilon:  0.009756714760036816 ação:  0 TempoEpisodio: 2021.6511430740356 Reward: -10
listaacao: [1, 1, 0, 0, 0, 0, 0, 0, 0, 0, 0, 0, 1, 0, 0, 0, 0, 1, 0, 0, 1, 0, 1, 0, 0, 0, 0, 0, 0, 0, 1, 0]
listaRecompensa: [0, 10, -10, 10, 10, 10, 10, 10, 10, 10, 10, 10, 10, 10, 10, 10, 10, 10, 10, 10, 10, 10, 10, 10, 10, -10, 10, 10, 10, 10, 10, -10]
Medias: [(0, 0, 0), (2668, 1778, 44), (1157, 767, 43), (336, 220, 0), (233, 153, 0), (203, 135, 0), (223, 151, 0), (378, 251, 0), (192, 123, 0), (153, 97, 0), (252, 164, 0), (228, 151, 0), (4630, 3086, 0), (198, 132, 0), (258, 174, 0), (150, 98, 0), (489, 327, 0), (4407, 2938, 0), (322, 215, 0), (194, 125, 0), (3222, 2149, 0), (194, 128, 0), (4842, 3227, 52), (243, 163, 0), (167, 105, 0), (3909, 2605, 0), (189, 123, 0), (684, 456, 0), (349, 231, 0), (189, 128, 0), (2140, 1425, 0), (2208, 1473, 32)]

