Episode:  0 / 20 Score:  63 epsilon:  0.140935105818184 ação:  0 TempoEpisodio: 4003.8879141807556 Reward: 10
Episode:  0 / 20 Score:  31 ação:  1 TempoEpisodio: 1944.5178754329681 Reward: -10
listaacao: [1, 1, 0, 0, 0, 1, 1, 1, 1, 1, 0, 1, 0, 0, 0, 1, 0, 1, 1, 0, 1, 1, 1, 1, 0, 1, 0, 0, 0, 0, 0, 0, 0, 1, 0, 0, 0, 1, 0, 0, 0, 1, 0, 0, 0, 1, 0, 1, 0, 0, 0, 0, 0, 1, 0, 0, 1, 1, 0, 0, 0, 1, 1, 0]
listaRecompensa: [0, -10, 10, 10, 10, -10, -10, 10, 10, -10, 10, 10, 10, 10, -10, -10, 10, -10, 10, 10, 10, 10, -10, 10, 10, 10, -10, 10, 10, 10, 10, 10, -10, 10, -10, -10, 10, -10, 10, 10, 10, -10, 10, -10, 10, -10, 10, 10, 10, 10, 10, 10, 10, 10, 10, 10, 10, -10, 10, -10, -10, 10, 10, 10]
Medias: [(0, 0, 0), (195, 130, 0), (152, 98, 0), (247, 162, 0), (173, 111, 0), (240, 158, 0), (164, 106, 0), (4035, 2688, 47), (4474, 2981, 44), (181, 116, 0), (239, 158, 0), (310, 207, 6), (219, 145, 0), (178, 117, 0), (5070, 3380, 0), (822, 549, 0), (320, 213, 0), (235, 155, 0), (4477, 2984, 50), (321, 215, 0), (221, 146, 12), (3832, 2451, 30), (171, 108, 0), (5234, 3490, 50), (568, 379, 0), (4165, 2777, 1), (435, 287, 1), (273, 184, 0), (178, 120, 0), (280, 187, 0), (274, 180, 0), (248, 164, 0), (2467, 1643, 0), (4869, 3247, 0), (1295, 862, 36), (332, 220, 3), (290, 195, 0), (169, 113, 0), (199, 127, 0), (215, 140, 0), (313, 209, 0), (146, 92, 0), (169, 112, 0), (189, 125, 1), (341, 227, 0), (190, 126, 0), (228, 151, 0), (3649, 2434, 53), (179, 115, 0), (293, 193, 0), (349, 232, 0), (197, 130, 0), (186, 121, 0), (4318, 2879, 0), (222, 147, 0), (184, 120, 0), (3936, 2624, 0), (273, 179, 0), (405, 267, 0), (303, 199, 5), (2010, 1339, 0), (4061, 2707, 0), (1975, 1313, 32), (176, 111, 0)]
Episode:  1 / 20 Score:  63 epsilon:  0.010336609280436398 ação:  0 TempoEpisodio: 4044.2708456516266 Reward: 10
listaacao: [1, 0, 0, 0, 0, 0, 0, 0, 0, 1, 0, 1, 0, 0, 0, 0, 0, 0, 0, 0, 1, 0, 1, 1, 1, 0, 0, 0, 1, 0, 0, 1, 0, 0, 0, 0, 0, 0, 0, 0, 0, 0, 0, 0, 0, 0, 0, 1, 0, 0, 0, 1, 0, 0, 1, 0, 1, 0, 0, 0, 1, 1, 1, 0]
listaRecompensa: [0, 10, 10, 10, 10, 10, 10, 10, 10, 10, 10, 10, 10, 10, 10, 10, 10, 10, -10, 10, 10, -10, 10, 10, 10, 10, 10, -10, 10, -10, 10, 10, -10, 10, 10, 10, -10, 10, 10, 10, 10, 10, 10, 10, 10, 10, 10, 10, 10, 10, 10, 10, 10, 10, 10, -10, 10, 10, -10, -10, 10, 10, 10, 10]
Medias: [(0, 0, 0), (613, 409, 0), (181, 118, 0), (164, 104, 0), (345, 227, 0), (244, 164, 0), (225, 147, 0), (322, 214, 0), (275, 184, 0), (5171, 3447, 0), (317, 214, 0), (5066, 3377, 53), (182, 120, 0), (324, 213, 0), (172, 110, 0), (294, 195, 0), (312, 209, 0), (341, 229, 0), (4291, 2861, 0), (338, 224, 0), (5396, 3598, 0), (191, 121, 1), (4714, 3142, 52), (4822, 3214, 25), (2348, 1565, 42), (374, 248, 0), (465, 311, 0), (1827, 1216, 0), (2750, 1833, 0), (2750, 1833, 0), (318, 210, 0), (3587, 2390, 0), (1219, 813, 31), (238, 157, 0), (473, 317, 0), (167, 110, 0), (3631, 2423, 0), (190, 126, 0), (185, 121, 0), (159, 108, 0), (292, 196, 0), (171, 113, 0), (156, 100, 0), (170, 109, 0), (359, 243, 0), (313, 207, 0), (275, 185, 0), (4655, 3104, 0), (178, 120, 0), (252, 169, 0), (399, 269, 0), (4984, 3323, 0), (161, 106, 0), (335, 219, 0), (3790, 2525, 0), (881, 583, 52), (3640, 2429, 34), (341, 227, 0), (269, 178, 1), (2319, 1545, 0), (1953, 1299, 0), (3215, 2140, 46), (1454, 973, 42), (278, 188, 0)]
Episode:  2 / 20 Score:  63 epsilon:  0.009923144909218942 ação:  0 TempoEpisodio: 4047.8378641605377 Reward: 10
listaacao: [1, 1, 0, 1, 0, 0, 0, 1, 0, 1, 1, 1, 0, 1, 1, 0, 1, 0, 1, 1, 0, 0, 0, 0, 0, 0, 0, 0, 1, 0, 0, 1, 0, 0, 0, 0, 0, 1, 0, 0, 1, 0, 1, 0, 0, 1, 0, 1, 0, 1, 1, 0, 0, 0, 0, 0, 1, 0, 0, 0, 0, 1, 0, 0]
listaRecompensa: [0, 10, -10, 10, -10, 10, 10, 10, 10, 10, 10, 10, 10, 10, 10, -10, 10, 10, 10, 10, 10, 10, 10, 10, 10, 10, 10, 10, 10, -10, 10, 10, 10, 10, 10, 10, 10, 10, 10, 10, 10, 10, 10, 10, -10, 10, 10, -10, -10, 10, 10, 10, -10, 10, 10, 10, 10, -10, 10, 10, 10, 10, 10, 10]
Medias: [(0, 0,0), (4381, 2919, 54), (246, 163, 26), (4237, 2824, 21), (357, 238, 4), (347, 230, 0), (168, 105, 0), (5253, 3501, 0), (228, 155, 0), (4910, 3272, 60), (4860, 3241, 19), (4618, 3079, 51), (202, 137, 0), (5122, 3415, 55), (5141, 3428, 39), (595, 398, 4), (5074, 3381, 51), (258, 170, 0), (4343, 2897, 23), (2826, 1886, 48), (178, 114, 0), (204, 135, 0), (384, 255, 0), (360, 242, 0), (207, 135, 0), (193, 122, 0), (226, 152, 0), (294, 196, 0), (3614, 2410, 0), (1475, 984, 46), (279, 185, 0), (4757, 3170, 0), (231, 153, 0), (242, 159, 0), (180, 116, 0), (158, 103, 0), (349, 229, 0), (4421, 2947, 0), (211, 141, 0), (237, 161, 0), (5617, 3745, 0), (165, 108, 0), (5595, 3729, 33), (198, 130, 0), (466, 310, 10), (4869, 3247, 0), (464, 308, 0), (154, 98, 0), (470, 312, 51), (4056, 2705, 53), (4386, 2923, 40), (402, 267, 0), (232, 153, 2), (215, 143, 0), (216, 146, 0), (275, 180, 0), (3482, 2320, 0), (1099, 732, 34), (313, 206, 0), (344, 231, 0), (179, 120, 0), (3757, 2504, 0), (188, 123, 0), (178, 113, 0)]
Episode:  3 / 20 Score:  63 epsilon:  0.009923144909218942 ação:  0 TempoEpisodio: 4043.94868850708 Reward: 10
listaacao: [1, 0, 0, 0, 0, 1, 0, 0, 1, 1, 0, 0, 0, 0, 0, 0, 0, 0, 0, 0, 0, 0, 1, 0, 0, 1, 0, 1, 0, 0, 1, 0, 1, 1, 1, 0, 1, 0, 1, 0, 0, 1, 0, 0, 0, 0, 0, 0, 0, 1, 1, 1, 0, 1, 0, 0, 0, 0, 1, 0, 0, 0, 0, 0]
listaRecompensa: [0, 10, -10, 10, 10, 10, 10, 10, 10, 10, 10, 10, 10, 10, 10, 10, 10, 10, 10, 10, 10, -10, 10, -10, -10, 10, 10, 10, 10, 10, 10, 10, 10, 10, 10, -10, 10, 10, 10, 10, 10, -10, 10, 10, 10, 10, 10, 10, 10, -10, 10, 10, 10, 10, -10, 10, 10, 10, 10, 10, -10, 10, 10, 10]
Medias: [(0, 0, 0), (204, 132, 0), (173, 111, 1), (190, 124, 0), (238, 158, 0), (2591, 1729, 0), (502, 333, 0), (239, 160, 0), (4473, 2983, 0), (4903, 3268, 55), (176, 112, 0), (288, 191, 0), (189, 118, 0), (281, 185, 0), (273, 182, 0), (191, 124, 0), (394, 264, 0), (226, 150, 0), (296, 195, 0), (357, 237, 0), (170, 112, 0), (2689, 1788, 0), (1926, 1283, 0), (3170, 2111, 46), (1034, 692, 51), (3522, 2348, 0), (158, 102, 0), (4128, 2750, 57), (466, 310, 0), (170, 111, 0), (4945, 3296, 0), (337, 223, 0), (4300, 2868, 52), (3492, 2327, 19), (411, 273, 1), (204, 138, 7), (4740, 3162, 54), (348, 230, 0), (4981, 3321, 27), (235, 158, 0), (282, 186, 0), (157, 103, 0), (157, 103, 0), (265, 174, 0), (281, 186, 0), (242, 161, 0), (372, 246, 0), (169, 111, 0), (234, 154, 0), (513, 343, 0), (1935, 1292, 54), (1766, 1180, 36), (295, 195, 0), (3206, 2137, 16), (750, 493, 18), (181, 116, 0), (198, 129, 0), (276, 184, 0), (5441, 3626, 0), (253, 167, 0), (284, 189, 1), (359, 236, 0), (235, 157, 0), (447, 298, 0)]
Episode:  4 / 20 Score:  63 epsilon:  0.009923144909218942 ação:  0 TempoEpisodio: 4046.507687807083 Reward: 10
listaacao: [1, 0, 0, 0, 1, 0, 0, 0, 0, 0, 0, 0, 0, 1, 0, 0, 0, 0, 0, 0, 0, 0, 1, 0, 1, 0, 0, 1, 1, 1, 1, 1, 1, 0, 0, 1, 0, 0, 0, 1, 1, 1, 1, 1, 0, 0, 0, 1, 1, 0, 1, 0, 1, 0, 0, 0, 0, 0, 0, 0, 0, 0, 0, 0]
listaRecompensa: [0, 10, -10, 10, 10, 10, 10, 10, 10, 10, 10, 10, 10, 10, 10, -10, 10, 10, 10, 10, 10, 10, -10, 10, -10, 10, 10, 10, 10, 10, 10, 10, 10, 10, 10, 10, 10, 10, 10, 10, 10, 10, 10, 10, -10, 10, 10, 10, 10, -10, 10, 10, 10, 10, 10, 10, 10, 10, 10, 10, 10, 10, 10, 10]
Medias: [(0, 0, 0), (297, 199, 0), (194, 129, 4), (175, 110, 0), (3866, 2579, 0), (250, 168, 0), (198, 127, 0), (250, 148, 0), (443, 294, 0), (219, 148, 0), (324, 216, 0), (173, 115, 0), (719, 478, 0), (2627, 1750, 0), (218, 144, 0), (281, 182, 3), (211, 137, 0), (250, 161, 0), (246, 166, 0), (345, 229, 0), (214, 143, 0), (267, 178, 0), (164, 106, 0), (258, 171, 0), (184, 114, 0), (176, 115, 0), (375, 247, 0), (4306, 2871, 0), (4951, 3301, 52), (4787, 3192, 46), (4040, 2694, 56), (3152, 2102, 48), (4410, 2940, 42), (183, 119, 0), (171, 111, 0), (4641, 3094, 0), (159, 99, 0), (225, 151, 0), (219, 146, 0), (4171, 2779, 0), (3338, 2224, 29), (3196, 2132, 46), (1259, 839, 58), (2749, 1834, 49), (208, 137, 11), (203, 134, 0), (245, 161, 0), (3257, 2171, 0), (1435, 956, 20), (199, 133, 1), (4306, 2870, 0), (460, 307, 0), (4415, 2943, 52), (433, 288, 0), (210, 137, 0), (197, 127, 0), (248, 164, 0), (487, 322, 0), (175, 112, 0), (461, 309, 0), (172, 116, 0), (225, 150, 0), (470, 312, 0), (168, 112, 0)]
Episode:  5 / 20 Score:  63 epsilon:  0.009923144909218942 ação:  0 TempoEpisodio: 4048.352103471756 Reward: 10
listaacao: [1, 1, 0, 0, 1, 0, 1, 0, 0, 0, 0, 0, 0, 1, 0, 0, 1, 0, 1, 1, 0, 0, 1, 1, 0, 1, 0, 0, 0, 0, 0, 0, 0, 0, 1, 0, 0, 0, 1, 1, 0, 0, 0, 0, 0, 0, 0, 0, 0, 0, 0, 0, 1, 0, 0, 1, 1, 1, 0, 0, 0, 0, 1, 0]
listaRecompensa: [0, 10, 10, 10, 10, 10, 10, 10, 10, 10, 10, 10, 10, 10, -10, 10, -10, 10, 10, 10, 10, 10, 10, 10, 10, 10, 10, 10, 10, 10, 10, 10, 10, 10, 10, 10, 10, 10, 10, 10, 10, -10, 10, 10, 10, 10, 10, 10, 10, 10, 10, 10, 10, 10, 10, 10, 10, 10, -10, 10, 10, 10, -10, 10]
Medias: [(0, 0, 0), (5407, 3604, 57), (330, 220, 0), (174, 115, 0), (4590, 2982, 0), (255, 171, 0), (3244, 2162, 2), (194, 128, 0), (186, 121, 0), (313, 205, 0), (294, 194, 0), (194, 131, 0), (194, 128, 0), (3166, 2110, 0), (866, 578, 38), (216, 145, 0), (219, 142, 0), (232, 152, 0), (4647, 3098, 51), (4642, 3094, 43), (260, 171, 0), (250, 165, 0), (4362, 2907, 0), (4673, 3115, 44), (267, 178, 0), (4983, 3323, 53), (196, 127, 0), (279, 187, 0), (159, 106, 0), (249, 165, 0), (480, 319, 0), (306, 202, 0), (165, 108, 0), (240, 159, 0), (4177, 2785, 0), (212, 140, 0), (165, 110, 0), (165, 110, 0), (4295, 2863, 0), (1943, 1295, 32), (249, 164, 0), (193, 128, 1), (182, 118, 0), (179, 118, 0), (613, 411, 0), (378, 250, 0), (186, 122, 0), (299, 200, 0), (347, 232, 0), (277, 188, 0), (315, 212, 0), (220, 146, 0), (4865, 3242, 0), (168, 113, 0), (181, 116, 0), (3647, 2432, 0), (3125, 2085, 29), (4701, 3135, 47), (465, 313, 2), (173, 110, 0), (197, 129, 0), (181, 116, 0), (292, 193, 0), (249, 162, 0)]
Episode:  6 / 20 Score:  63 epsilon:  0.009923144909218942 ação:  0 TempoEpisodio: 4045.3030397892 Reward: 10
listaacao: [1, 0, 1, 1, 1, 0, 0, 0, 0, 1, 0, 0, 0, 0, 0, 0, 0, 1, 0, 0, 0, 0, 0, 0, 0, 0, 1, 0, 1, 0, 0, 0, 0, 0, 0, 0, 0, 0, 1, 0, 0, 0, 0, 0, 0, 0, 0, 1, 0, 1, 0, 1, 0, 0, 0, 0, 1, 1, 0, 0, 0, 1, 0, 0]
listaRecompensa: [0, 10, -10, 10, -10, 10, 10, 10, 10, 10, -10, 10, 10, 10, 10, 10, 10, 10, 10, -10, 10, 10, 10, 10, 10, 10, 10, 10, 10, 10, 10, 10, 10, 10, 10, 10, -10, -10, 10, 10, 10, 10, 10, 10, 10, 10, 10, -10, 10, 10, 10, 10, 10, 10, 10, 10, 10, 10, -10, 10, 10, 10, 10, 10]
Medias: [(0, 0, 0), (493, 327, 0), (899, 563, 0), (2737, 1823, 15), (189, 127, 0), (199, 130, 0), (346, 233, 0), (212, 141, 0), (193, 129, 0), (2168, 1445, 0), (717, 476, 3), (189, 124, 0), (214, 144, 0), (230, 154, 0), (343, 228, 0), (316, 213, 0), (188, 123, 0), (3091, 2062, 0), (377, 252, 0), (253, 168, 4), (280, 182, 0), (243, 162, 0), (219, 147, 0), (233, 156, 0), (215, 144, 0), (374, 250, 0), (4287, 2840, 0), (212, 144, 0), (4765, 3079, 48), (187, 123, 0), (199, 132, 0), (292, 197, 0), (202, 133, 0), (245, 163, 0), (174, 115, 0), (212, 143, 0), (1786, 1189, 0), (4540, 3026, 0), (1200, 800, 0), (255, 170, 0), (320, 211, 0), (410, 270, 0), (302, 202, 0), (279, 185, 0), (187, 126, 0), (245, 165, 0), (317, 210, 0), (235, 158, 0), (540, 360, 0), (3883, 2589, 35), (269, 174, 0), (4114, 2743, 55), (319, 212, 0), (225, 149, 0), (470, 314, 0), (282, 187, 0), (3972, 2648, 0), (4295, 2864, 23), (292, 194, 2), (282, 190, 0), (822, 542, 0), (4073, 2715, 0), (190, 124, 0), (318, 212, 0)]
Episode:  7 / 20 Score:  63 epsilon:  0.009923144909218942 ação:  1 TempoEpisodio: 4047.3199627399445 Reward: 10
listaacao: [1, 0, 0, 1, 1, 1, 1, 1, 1, 1, 0, 1, 0, 0, 0, 0, 0, 0, 0, 1, 0, 0, 0, 1, 0, 1, 1, 0, 1, 1, 1, 0, 0, 0, 0, 0, 0, 0, 0, 0, 1, 0, 0, 0, 0, 1, 0, 0, 1, 0, 0, 0, 1, 0, 1, 0, 1, 0, 0, 0, 0, 1, 1, 1]
listaRecompensa: [0, -10, 10, 10, 10, 10, 10, 10, 10, -10, 10, 10, 10, 10, 10, 10, 10, 10, 10, 10, 10, 10, 10, 10, -10, 10, 10, 10, 10, 10, -10, 10, 10, 10, 10, -10, 10, 10, 10, 10, -10, -10, 10, 10, 10, 10, -10, 10, 10, 10, 10, 10, 10, 10, 10, 10, -10, 10, 10, 10, 10, 10, 10, 10]
Medias: [(0, 0, 0), (254, 165, 1), (430, 286, 0), (3320, 2213, 0), (1321, 780, 5), (3776, 2517, 52), (3837, 2559, 48), (4151, 2768, 50), (3644, 2426, 45), (615, 409, 0), (323, 212, 0), (4073, 2714, 59), (428, 284, 0), (154, 99, 0), (274, 180, 0), (171, 111, 0), (410, 270, 0), (236, 156, 0), (341, 224, 0), (4233, 2823, 0), (172, 118, 0), (203, 134, 0), (253, 168, 0), (4706, 3047, 0), (266, 179, 55), (4340, 2894, 52), (3514, 2343, 48), (182, 118, 0), (1467, 974, 5), (2934, 1954, 35), (297, 196, 0), (172, 116, 0), (200, 134, 0), (216, 141, 0), (189, 124, 0), (4212, 2805, 0), (224, 146, 0), (182, 119, 0), (253, 170, 0), (248, 163, 0), (184, 119, 0), (174, 115, 2), (222, 139, 0), (324, 213, 0), (168, 109, 0), (4903, 3269, 0), (211, 138, 15), (171, 111, 0), (4829, 3220, 0), (350, 234, 0), (185, 124, 0), (245, 163, 0), (5126, 3418, 0), (240, 157, 0), (4330, 2886, 57), (198, 129, 0), (323, 214, 0), (251, 166, 0), (198, 131, 0), (313, 209, 0), (472, 314, 0), (2599, 1731, 0), (1282, 857, 23), (3446, 2296, 29)]
Episode:  8 / 20 Score:  63 epsilon:  0.009923144909218942 ação:  0 TempoEpisodio: 4045.3111805915833 Reward: 10
listaacao: [1, 1, 0, 0, 0, 0, 0, 0, 0, 0, 1, 0, 1, 0, 0, 0, 0, 0, 0, 0, 1, 0, 0, 0, 0, 0, 0, 0, 0, 0, 0, 0, 0, 0, 1, 0, 0, 0, 0, 1, 1, 1, 1, 1, 0, 1, 0, 0, 0, 1, 0, 0, 0, 1, 0, 1, 0, 0, 0, 0, 0, 1, 0, 0]
listaRecompensa: [0, 10, -10, -10, 10, 10, 10, 10, 10, 10, 10, 10, 10, 10, 10, 10, 10, 10, 10, 10, 10, 10, 10, 10, -10, -10, 10, 10, 10, 10, 10, 10, 10, 10, 10, 10, -10, 10, 10, -10, 10, 10, 10, -10, 10, 10, 10, 10, 10, 10, 10, 10, 10, 10, -10, 10, 10, 10, 10, 10, 10, 10, 10, 10]
Medias: [(0, 0, 0), (3512, 2340, 46), (265, 180, 1), (438, 295, 1), (179, 122, 0), (301, 202, 0), (182, 122, 0), (159, 104, 0), (236, 156, 0), (224, 146, 0), (3918, 2612, 0), (242, 166, 0), (3874, 2582, 27), (246, 163, 0), (252, 166, 0), (180, 118, 0), (256, 170, 0), (252, 170, 0), (170, 114, 0), (198, 130, 0), (4746, 3162, 0), (464, 310, 0), (205, 131, 0), (295, 198, 0), (1775, 1186, 0), (2480, 1653, 0), (180, 117, 0), (37, 25, 0), (179, 119, 0), (204, 134, 0), (221, 142, 0), (163, 104, 0), (206, 135, 0), (270, 178, 0), (4527, 3019, 0), (298, 200, 0), (218, 145, 1), (546, 361, 0), (205, 139, 0), (206, 129, 0), (5323, 3450, 18), (4857, 3239, 52), (4383, 2922, 43), (520, 347, 0), (321, 219, 0), (4273, 2848, 18), (240, 157, 0), (238, 160, 0), (174, 112, 0), (3465, 2311, 0), (350, 235, 0), (378, 250, 0), (558, 369, 0), (3185, 2120, 0), (1774, 1180, 49), (2545, 1695, 59), (163, 104, 0), (170, 109, 0), (259, 172, 0), (320, 213, 0), (432, 290, 0), (4076, 2716, 0), (169, 110, 0), (172, 108, 0)]
Episode:  9 / 20 Score:  63 epsilon:  0.009923144909218942 ação:  0 TempoEpisodio: 4048.6842052936554 Reward: 10
listaacao: [1, 0, 0, 0, 0, 0, 0, 0, 0, 0, 0, 1, 1, 0, 0, 0, 0, 1, 0, 0, 0, 0, 1, 1, 0, 0, 0, 1, 0, 1, 0, 0, 0, 1, 1, 1, 0, 0, 0, 0, 1, 0, 1, 1, 1, 0, 0, 1, 1, 0, 0, 0, 0, 0, 0, 0, 0, 0, 1, 0, 0, 0, 0, 0]
listaRecompensa: [0, 10, -10, 10, 10, 10, 10, 10, 10, 10, 10, 10, 10, 10, 10, 10, 10, 10, 10, 10, 10, 10, 10, 10, 10, -10, 10, 10, 10, 10, 10, 10, 10, 10, 10, 10, -10, 10, 10, 10, 10, 10, 10, 10, 10, 10, 10, 10, 10, -10, 10, 10, 10, 10, 10, 10, 10, 10, 10, 10, 10, 10, 10, 10]
Medias: [(0, 0, 0), (243, 161, 0), (329, 217, 1), (174, 115, 0), (180, 118, 0), (173, 114, 0), (536, 359, 0), (212, 140, 0), (400, 262, 0), (255, 171, 0), (501, 329, 0), (4975, 3316, 0), (5204, 3469, 29), (184, 122, 0), (200, 133, 0), (222, 148, 0), (239, 157, 0), (2501, 1668, 0), (164, 105, 0), (178, 113, 0), (220, 143, 0), (266, 178, 0), (2498, 1666, 0), (1967, 1311, 46), (211, 139, 0), (269, 178, 9), (222, 144, 0), (3444, 2293, 0), (220, 94, 0), (4742, 3162, 60), (168, 108, 0), (234, 153, 0), (383, 254, 0), (4709, 3013, 0), (4483, 2989, 40), (3827, 2552, 48), (415, 276, 33), (319, 212, 0), (176, 112, 0), (572, 379, 0), (5097, 3397, 0), (265, 176, 0), (3900, 2601, 20), (4409, 2938, 24), (4363, 2909, 53), (235, 154, 0), (924, 615, 0), (4528, 3018, 0), (2982, 1986, 35), (242, 164, 3), (212, 135, 0), (249, 163, 0), (201, 131, 0), (353, 233, 0), (268, 178, 0), (372, 248, 0), (150, 96, 0), (205, 136, 0), (4349, 2901, 0), (479, 320, 0), (283, 187, 0), (354, 234, 0), (525, 346, 0), (174, 117, 0)]
Episode:  10 / 20 Score:  63 epsilon:  0.009923144909218942 ação:  0 TempoEpisodio: 4046.7669405937195 Reward: -10
listaacao: [1, 0, 1, 0, 0, 0, 0, 1, 0, 0, 1, 0, 0, 0, 0, 1, 1, 1, 1, 1, 0, 0, 0, 0, 0, 0, 1, 0, 0, 0, 0, 1, 0, 0, 0, 0, 0, 0, 0, 0, 0, 1, 1, 0, 0, 0, 1, 0, 1, 0, 0, 1, 0, 0, 0, 0, 1, 0, 0, 0, 0, 0, 1, 0]
listaRecompensa: [0, 10, 10, 10, -10, 10, 10, 10, 10, 10, 10, -10, 10, 10, 10, 10, 10, 10, 10, 10, 10, 10, 10, 10, 10, 10, 10, 10, 10, 10, 10, 10, 10, 10, 10, 10, 10, 10, 10, 10, -10, 10, 10, 10, 10, 10, 10, -10, 10, -10, 10, -10, 10, 10, 10, 10, 10, 10, 10, 10, 10, 10, 10, -10]
Medias: [(0, 0, 0), (166, 110, 0), (4919, 3278, 20), (168, 113, 0), (318, 212, 1), (215, 143, 0), (228, 150, 0), (4423, 2949, 0), (416, 273, 0), (401, 266, 0), (4030, 2688, 0), (288, 187, 1), (92, 59, 0), (402, 267, 0), (185, 119, 0), (2432, 1621, 0), (4048, 2698, 17), (3942, 2628, 50), (4748, 3166, 48), (932, 619, 47), (227, 144, 0), (176, 115, 0), (218, 146, 0), (218, 149, 0), (389, 261, 0), (226, 150, 0), (4997, 3331, 0), (227, 150, 0), (176, 115, 0), (188, 125, 0), (170, 113, 0), (5173, 3450, 0), (291, 191, 0), (183, 123, 0), (233, 154, 0), (180, 122, 0), (174, 113, 0), (419, 281, 0), (193, 130, 0), (210, 138, 0), (1126, 752, 0), (4703, 3136, 0), (3580, 2388, 46), (223, 144, 0), (160, 103, 0), (321, 216, 0), (2710, 1807, 0), (1007, 673, 15), (3542, 2361, 1), (804, 534, 30), (215, 145, 0), (191, 128, 0), (277, 187, 0), (733, 490, 0), (178, 114, 0), (300, 199, 0), (4425, 2950, 0), (177, 113, 0), (468, 311, 0), (285, 187, 0), (192, 125, 0), (189, 121, 0), (4807, 3204, 0), (434, 284, 2)]
Episode:  11 / 20 Score:  63 epsilon:  0.009923144909218942 ação:  0 TempoEpisodio: 4048.7769582271576 Reward: 10
listaacao: [1, 0, 0, 0, 0, 0, 0, 0, 1, 0, 1, 1, 0, 0, 0, 0, 0, 1, 1, 0, 0, 0, 0, 0, 0, 0, 1, 0, 0, 0, 0, 1, 0, 0, 0, 0, 0, 1, 1, 1, 1, 0, 0, 0, 0, 0, 0, 0, 0, 0, 0, 0, 0, 0, 0, 1, 1, 0, 1, 0, 0, 0, 0, 0]
listaRecompensa: [0, 10, 10, 10, 10, 10, 10, -10, 10, -10, 10, 10, 10, 10, 10, 10, 10, 10, 10, 10, 10, 10, 10, 10, 10, 10, 10, 10, 10, 10, 10, 10, 10, -10, 10, 10, -10, 10, 10, 10, 10, -10, 10, 10, 10, 10, 10, 10, 10, 10, 10, 10, 10, 10, 10, -10, 10, 10, 10, 10, 10, 10, 10, 10]
Medias: [(0, 0, 0), (234, 156, 0), (206, 135, 0), (189, 127, 0), (509, 341, 0), (220, 146, 0), (488, 325, 0), (1540, 1026, 0), (2846, 1896, 0), (1579, 1052, 39), (4534, 3023, 46), (1988, 1326, 53), (451, 298, 0), (240, 159, 0), (265, 177, 0), (424, 281, 0), (229, 152, 0), (3134, 2090, 0), (4252, 2832, 49), (217, 140, 0), (285, 192, 0), (192, 127, 0), (229, 148, 0), (261, 173, 0), (515, 343, 0), (230, 150, 0), (4746, 3164, 0), (195, 128, 0), (249, 166, 0), (146, 96, 0), (192, 124, 0), (4695, 3130, 0), (245, 161, 0), (303, 200, 1), (342, 227, 0), (369, 245, 0), (1166, 773, 0), (2594, 1730, 0), (1969, 1310, 56), (1966, 1309, 38), (2725, 1815, 38), (965, 641, 30), (220, 147, 0), (200, 134, 0), (215, 141, 0), (176, 116, 0), (196, 128, 0), (230, 154, 0), (349, 233, 0), (269, 180, 0), (165, 102, 0), (326, 217, 0), (405, 270, 0), (468, 314, 0), (240, 159, 0), (310, 204, 0), (3446, 2297, 46), (215, 146, 0), (3591, 2391, 54), (206, 138, 0), (278, 181, 0), (713, 475, 0), (260, 171, 0), (725, 483, 0)]
Episode:  12 / 20 Score:  63 epsilon:  0.009923144909218942 ação:  0 TempoEpisodio: 4050.8594353199005 Reward: -10
listaacao: [1, 0, 0, 1, 1, 1, 0, 0, 0, 1, 0, 0, 0, 0, 1, 0, 1, 0, 1, 0, 1, 0, 0, 0, 0, 0, 0, 0, 0, 0, 0, 0, 1, 1, 1, 1, 1, 0, 0, 1, 0, 0, 1, 0, 0, 0, 1, 1, 1, 0, 0, 0, 0, 1, 0, 0, 0, 0, 0, 1, 1, 1, 0, 0]
listaRecompensa: [0, 10, -10, 10, 10, 10, 10, 10, 10, 10, 10, -10, 10, 10, 10, 10, 10, 10, 10, 10, 10, 10, 10, 10, 10, 10, 10, 10, 10, 10, 10, 10, 10, 10, 10, 10, 10, 10, 10, 10, 10, -10, 10, -10, 10, 10, 10, 10, 10, 10, 10, 10, 10, 10, 10, 10, 10, 10, 10, 10, 10, 10, 10, -10]
Medias: [(0, 0, 0), (313, 210, 0), (176, 115, 1), (1409, 939, 0), (3735, 2489, 25), (2260, 1506, 51), (184, 121, 0), (177, 117, 0), (187, 122, 0), (3853, 2567, 0), (574, 383, 0), (204, 135, 2), (192, 128, 0), (190, 123, 0), (4366, 2912, 0), (222, 150, 0), (5544, 3697, 39), (407, 269, 0), (4476, 2984, 33), (255, 171, 0), (5253, 3502, 53), (397, 269, 0), (335, 221, 0), (242, 161, 0), (383, 252, 0), (244, 160, 0), (162, 105, 0), (336, 221, 0), (261, 172, 0), (357, 237, 0), (454, 302, 0), (328, 216, 0), (1485, 989, 0), (4026, 2683, 38), (1570, 1046, 35), (3062, 2042, 43), (984, 655, 51), (174, 116, 0), (248, 163, 0), (4941, 3294, 0), (171, 114, 0), (265, 178, 1), (4543, 3029, 0), (4543, 3029, 0), (173, 114, 0), (281, 187, 0), (4553, 3035, 0), (5051, 3368, 42), (5205, 3469, 52), (454, 302, 0), (159, 105, 0), (238, 157, 0), (327, 216, 0), (5688, 3792, 0), (314, 207, 0), (171, 114, 0), (285, 189, 0), (259, 174, 0), (966, 642, 0), (2655, 1770, 0), (1913, 1275, 55), (2592, 1727, 37), (296, 200, 0), (210, 139, 2)]
Episode:  13 / 20 Score:  63 epsilon:  0.009923144909218942 ação:  0 TempoEpisodio: 4050.987906932831 Reward: 10
listaacao: [1, 1, 0, 0, 0, 0, 1, 0, 0, 0, 1, 1, 1, 0, 0, 0, 0, 0, 0, 0, 1, 1, 0, 1, 0, 0, 0, 0, 0, 1, 0, 0, 1, 1, 0, 1, 0, 0, 1, 0, 1, 1, 0, 0, 0, 0, 0, 0, 0, 0, 0, 1, 1, 0, 1, 1, 0, 0, 0, 0, 0, 0, 1, 0]
listaRecompensa: [0, 10, 10, 10, 10, 10, 10, 10, 10, 10, 10, 10, 10, -10, 10, 10, 10, 10, 10, 10, 10, 10, -10, 10, 10, 10, 10, 10, 10, 10, 10, -10, 10, 10, 10, 10, 10, 10, -10, -10, -10, 10, 10, 10, 10, 10, 10, 10, 10, 10, 10, 10, 10, 10, 10, 10, 10, 10, 10, 10, 10, 10, 10, 10]
Medias: [(0, 0, 0), (1499, 998, 41), (238, 162, 0), (171, 110, 0), (192, 127, 0), (430, 284, 0), (4232, 2821, 0), (168, 111, 0), (782, 521, 0), (275, 186, 0), (4365, 2908, 0), (4655, 3104, 53), (5341, 3562, 47), (446, 296, 1), (182, 120, 0), (225, 149, 0), (211, 140, 0), (280, 188, 0), (208, 139, 0), (165, 106, 0), (4541, 3029, 0), (3971, 2647, 52), (1542, 1026, 38), (3637, 2422, 52), (150, 96, 0), (381, 252, 0), (224, 146, 0), (191, 126, 0), (297, 196, 0), (1386, 922, 0), (170, 111, 0), (224, 150, 1), (4345, 2897, 0), (4283, 2855, 32), (265, 177, 0), (4367, 2911, 52), (156, 101, 0), (322, 214, 0), (359, 235, 0), (640, 428, 3), (284, 191, 0), (5788, 3859, 25), (285, 188, 0), (237, 156, 0), (227, 154, 0), (256, 168, 0), (221, 144, 0), (377, 252, 0), (196, 127, 0), (206, 135, 0), (610, 403, 0), (4358, 2906, 0), (2957, 1972, 40), (203, 132, 0), (1949, 1298, 3), (2390, 1590, 40), (224, 150, 0), (275, 183, 0), (231, 155, 0), (268, 179, 0), (594, 395, 0), (206, 132, 0), (4070, 2712, 0), (224, 150, 0)]
Episode:  14 / 20 Score:  63 epsilon:  0.009923144909218942 ação:  0 TempoEpisodio: 4048.9134106636047 Reward: 10
listaacao: [1, 1, 0, 0, 0, 0, 0, 1, 1, 1, 0, 0, 1, 0, 0, 1, 0, 0, 1, 0, 1, 1, 1, 1, 0, 0, 0, 0, 0, 1, 0, 0, 0, 0, 0, 0, 1, 0, 1, 1, 0, 1, 0, 0, 0, 1, 1, 0, 0, 0, 0, 0, 0, 0, 0, 0, 1, 0, 0, 1, 0, 0, 0, 0]
listaRecompensa: [0, 10, 10, 10, 10, 10, 10, 10, 10, 10, 10, 10, 10, 10, 10, 10, 10, 10, -10, 10, 10, 10, 10, 10, 10, 10, 10, 10, 10, 10, 10, 10, 10, 10, 10, 10, 10, 10, 10, 10, 10, 10, 10, 10, 10, 10, 10, 10, -10, 10, 10, 10, 10, 10, 10, 10, 10, 10, 10, 10, 10, 10, 10, 10]
Medias: [(0, 0, 0), (5278, 3519, 42), (206, 141, 0), (237, 158, 0), (254, 168, 0), (161, 109, 0), (253, 166, 0), (4955, 3302, 0), (361, 239, 2), (4158, 2771, 43), (338, 225, 0), (325, 217, 0), (4723, 3150, 0), (267, 177, 0), (361, 239, 0), (4080, 2720, 0), (288, 190, 0), (189, 123, 0), (250, 167, 0), (178, 113, 0), (1574, 1049, 0), (1389, 926, 40), (2399, 1598, 36), (1717, 1145, 34), (285, 191, 0), (236, 157, 0), (247, 165, 0), (177, 107, 0), (287, 189, 0), (4292, 2861, 0), (485, 320, 0), (349, 233, 0), (212, 140, 0), (355, 237, 0), (153, 102, 0), (303, 201, 0), (4890, 3260, 0), (289, 193, 0), (5051, 3367, 44), (5355, 3571, 50), (247, 164, 0), (4262, 2841, 34), (172, 112, 0), (204, 133, 0), (597, 397, 0), (4742, 3161, 0), (3524, 2348, 28), (231, 152, 0), (238, 159, 4), (295, 197, 0), (304, 200, 0), (239, 156, 0), (216, 139, 0), (242, 160, 0), (262, 175, 0), (236, 157, 0), (4125, 2750, 0), (236, 155, 0), (242, 160, 0), (4212, 2809, 0), (167, 109, 0), (235, 157, 0), (229, 151, 0), (481, 320, 0)]
Episode:  15 / 20 Score:  63 epsilon:  0.009923144909218942 ação:  0 TempoEpisodio: 4051.5813274383545 Reward: 10
listaacao: [1, 0, 0, 0, 0, 1, 0, 0, 1, 0, 0, 0, 0, 0, 0, 0, 1, 1, 0, 1, 0, 0, 0, 1, 1, 1, 0, 0, 1, 1, 1, 0, 0, 0, 0, 1, 0, 0, 1, 1, 0, 0, 0, 1, 0, 1, 1, 0, 0, 0, 0, 0, 1, 0, 0, 1, 0, 1, 0, 0, 1, 0, 0, 0]
listaRecompensa: [0, 10, 10, 10, 10, 10, 10, 10, 10, -10, 10, 10, 10, 10, 10, -10, 10, 10, -10, 10, 10, 10, 10, 10, 10, 10, 10, 10, 10, -10, -10, 10, 10, 10, 10, 10, 10, -10, 10, 10, 10, 10, -10, 10, 10, 10, -10, 10, 10, 10, 10, 10, 10, 10, 10, 10, 10, -10, 10, 10, 10, -10, 10, 10]
Medias: [(0, 0, 0), (330, 220, 0), (335, 223, 0), (313, 208, 0), (190, 126, 0), (5309, 3538, 0), (187, 126, 0), (189, 125, 0), (4038, 2690, 0), (223, 149, 6), (396, 263, 0), (290, 194, 0), (264, 173, 0), (287, 191, 0), (296, 196, 0), (2547, 1699, 0), (4146, 2764, 0), (1332, 884, 62), (547, 366, 6), (3433, 2289, 0), (188, 125, 0), (315, 208, 0), (167, 108, 0), (5026, 3352, 0), (4488, 2995, 49), (3189, 2127, 43), (160, 102, 0), (270, 178, 0), (4500, 3000, 0), (308, 204, 0), (337, 226, 0), (155, 103, 0), (219, 147, 0), (174, 114, 0), (339, 226, 0), (4519, 3013, 0), (179, 117, 0), (246, 163, 2), (1136, 757, 0), (3225, 2148, 18), (224, 150, 0), (165, 105, 0), (2557, 1704, 0), (1567, 1042, 0), (194, 128, 0), (2677, 1784, 0), (451, 300, 0), (236, 155, 0), (359, 239, 0), (246, 164, 0), (158, 103, 0), (180, 119, 0), (5949, 3967, 0), (218, 146, 0), (217, 142, 0), (3345, 2231, 0), (250, 165, 0), (205, 136, 0), (291, 193, 0), (247, 159, 0), (4680, 3119, 0), (576, 385, 4), (550, 368, 0), (196, 129, 0)]
Episode:  16 / 20 Score:  63 epsilon:  0.009923144909218942 ação:  1 TempoEpisodio: 4051.1532163619995 Reward: 10
listaacao: [1, 0, 0, 0, 1, 0, 1, 1, 1, 1, 1, 1, 1, 1, 1, 0, 0, 0, 0, 1, 0, 1, 0, 0, 0, 0, 0, 0, 0, 0, 0, 1, 0, 0, 0, 0, 0, 0, 0, 1, 0, 0, 0, 1, 0, 0, 1, 1, 0, 0, 0, 1, 0, 0, 0, 1, 0, 0, 0, 0, 0, 0, 0, 1]
listaRecompensa: [0, 10, 10, 10, -10, 10, 10, 10, 10, 10, 10, 10, 10, -10, -10, -10, 10, 10, 10, -10, 10, 10, 10, 10, 10, 10, 10, 10, 10, 10, 10, 10, 10, 10, 10, 10, 10, 10, 10, -10, 10, 10, 10, -10, -10, 10, -10, 10, 10, 10, 10, 10, 10, 10, 10, 10, 10, -10, 10, 10, 10, 10, 10, 10]
Medias: [(0, 0, 0), (196, 130, 0), (338, 224, 0), (199, 133, 0), (270, 178, 0), (225, 147, 0), (2125, 1415, 0), (2421, 1612, 34), (2308, 1540, 41), (3873, 2582, 45), (1440, 959, 38), (3805, 2536, 26), (978, 650, 41), (477, 317, 0), (417, 274, 0), (191, 124, 1), (182, 117, 0), (348, 229, 0), (205, 135, 0), (616, 409, 0), (718, 479, 0), (4836, 3223, 58), (264, 174, 0), (170, 109, 0), (229, 150, 0), (172, 115, 0), (269, 179, 0), (156, 104, 0), (236, 157, 0), (271, 181, 0), (214, 139, 0), (3415, 2277, 0), (565, 375, 0), (182, 120, 0), (219, 146, 0), (177, 115, 0), (779, 519, 0), (381, 255, 0), (238, 152, 0), (307, 203, 0), (256, 169, 0), (224, 149, 0), (454, 302, 0), (268, 182, 0), (289, 192, 7), (261, 173, 0), (521, 348, 0), (5376, 3583, 48), (156, 100, 0), (235, 157, 0), (230, 157, 0), (4427, 2951, 0), (317, 212, 0), (222, 149, 0), (215, 139, 0), (4295, 2863, 0), (325, 217, 0), (244, 161, 1), (560, 373, 0), (184, 123, 0), (404, 267, 0), (312, 211, 0), (973, 645, 0), (4735, 3157, 0)]
Episode:  17 / 20 Score:  63 epsilon:  0.009923144909218942 ação:  0 TempoEpisodio: 4049.902093887329 Reward: 10
listaacao: [1, 1, 0, 0, 0, 0, 0, 0, 0, 0, 0, 0, 0, 1, 0, 1, 1, 0, 0, 0, 0, 0, 0, 0, 0, 0, 0, 1, 1, 1, 0, 1, 1, 0, 0, 1, 0, 0, 1, 1, 1, 1, 0, 0, 0, 0, 0, 0, 0, 0, 0, 1, 0, 0, 0, 1, 1, 1, 1, 0, 0, 0, 0, 0]
listaRecompensa: [0, 10, -10, 10, 10, 10, 10, 10, 10, 10, 10, 10, 10, 10, 10, 10, 10, 10, -10, 10, 10, 10, 10, 10, 10, 10, 10, -10, 10, 10, 10, 10, 10, 10, 10, 10, 10, 10, -10, 10, 10, 10, -10, 10, 10, 10, 10, 10, 10, 10, 10, -10, 10, 10, 10, 10, 10, 10, 10, -10, 10, 10, 10, 10]
Medias: [(0, 0, 0), (1762, 1172, 38), (349, 234, 2), (211, 140, 0), (218, 141, 0), (170, 113, 0), (172, 110, 0), (172, 113, 0), (372, 246, 0), (271, 181, 0), (181, 118, 0), (468, 313, 0), (162, 104, 0), (5021, 3346, 0), (212, 141, 0), (4508, 3005, 32), (4441, 2959, 45), (183, 117, 0), (324, 217, 5), (242, 161, 0), (540, 359, 0), (446, 297, 0), (202, 136, 0), (635, 427, 0), (356, 234, 0), (203, 134, 0), (254, 169, 0), (427, 283, 0), (1833, 1219, 48), (2668, 1775, 43), (232, 149, 0), (3505, 2337, 0), (935, 624, 35), (451, 295, 0), (155, 105, 0), (3982, 2654, 0), (210, 138, 0), (267, 180, 0), (176, 113, 0), (5167, 3445, 53), (4778, 3186, 49), (4755, 3170, 49), (209, 135, 8), (160, 101, 0), (237, 157, 0), (216, 144, 0), (218, 142, 0), (181, 117, 0), (416, 277, 0), (262, 173, 0), (237, 156, 0), (423, 283, 0), (201, 130, 0), (207, 130, 0), (551, 364, 0), (3507, 2338, 0), (2601, 1731, 50), (2538, 1691, 47), (2174, 1271, 44), (309, 206, 5), (216, 143, 0), (283, 186, 0), (224, 148, 0), (357, 238, 0)]
Episode:  18 / 20 Score:  63 epsilon:  0.009923144909218942 ação:  1 TempoEpisodio: 4049.949784755707 Reward: 10
listaacao: [1, 0, 0, 0, 0, 0, 0, 0, 1, 0, 0, 0, 0, 0, 0, 0, 0, 0, 0, 1, 1, 1, 1, 1, 1, 1, 1, 0, 0, 0, 0, 0, 0, 0, 0, 0, 0, 0, 0, 1, 1, 0, 0, 0, 0, 0, 0, 0, 1, 1, 1, 0, 0, 0, 0, 0, 0, 0, 1, 1, 0, 1, 0, 1]
listaRecompensa: [0, 10, 10, 10, 10, 10, 10, 10, 10, 10, 10, 10, 10, 10, 10, 10, 10, 10, 10, -10, 10, 10, 10, 10, 10, 10, 10, 10, 10, 10, 10, 10, 10, 10, 10, 10, 10, 10, 10, 10, 10, -10, 10, 10, 10, 10, 10, 10, 10, 10, 10, 10, 10, 10, 10, 10, 10, 10, -10, 10, 10, 10, 10, 10]
Medias: [(0, 0, 0), (246, 160, 0), (193, 128, 0), (191, 124, 0), (247, 164, 0), (453, 305, 0), (174, 115, 0), (282, 186, 0), (4287, 2766, 0), (310, 206, 0), (300, 198, 0), (326, 217, 0), (217, 143, 0), (220, 145, 0), (245, 163, 0), (179, 118, 0), (183, 123, 0), (207, 135, 0), (195, 128, 0), (940, 622, 0), (4718, 3143, 47), (2336, 1558, 36), (2277, 1519, 49), (3491, 2325, 38), (773, 516, 18), (3500, 2333, 54), (1128, 751, 46), (158, 103, 0), (223, 149, 0), (275, 182, 0), (252, 167, 0), (410, 274, 0), (163, 106, 0), (180, 116, 0), (179, 116, 0), (391, 257, 0), (197, 135, 0), (241, 162, 0), (209, 135, 0), (5054, 3369, 0), (3432, 2288, 49), (174, 113, 1), (163, 110, 0), (251, 170, 0), (179, 117, 0), (181, 119, 0), (187, 124, 0), (824, 546, 0), (4116, 2745, 0), (1520, 1012, 45), (2711, 1807, 45), (229, 152, 0), (485, 324, 0), (456, 302, 0), (181, 119, 0), (168, 109, 0), (431, 285, 0), (258, 171, 0), (483, 321, 0), (4689, 3128, 48), (179, 117, 0), (3183, 2121, 55), (193, 125, 0), (5402, 3601, 45)]
Episode:  19 / 20 Score:  63 epsilon:  0.009923144909218942 ação:  0 TempoEpisodio: 4051.6165273189545 Reward: 10
listaacao: [1, 0, 0, 0, 1, 0, 0, 0, 1, 0, 0, 1, 1, 1, 0, 0, 0, 0, 1, 1, 0, 1, 0, 0, 0, 0, 1, 0, 0, 0, 1, 0, 1, 0, 0, 0, 0, 0, 0, 0, 0, 1, 0, 1, 0, 0, 0, 1, 1, 1, 1, 0, 0, 0, 0, 1, 0, 0, 0, 0, 0, 0, 0, 0]
listaRecompensa: [0, 10, 10, 10, 10, 10, 10, 10, 10, 10, 10, 10, 10, 10, 10, 10, 10, 10, 10, 10, -10, 10, 10, 10, 10, 10, 10, 10, 10, 10, 10, 10, 10, 10, 10, 10, 10, 10, 10, 10, 10, 10, 10, -10, 10, 10, 10, 10, 10, 10, 10, 10, 10, 10, 10, 10, 10, 10, 10, 10, 10, 10, 10, 10]
Medias: [(0, 0, 0), (249, 162, 0), (274, 183, 0), (202, 134, 0), (3699, 2467, 0), (185, 123, 0), (168, 106, 0), (211, 140, 0), (3610, 2407, 0), (208, 135, 0), (254, 170, 0), (3202, 2135, 0), (4751, 3166, 29), (2657, 1770, 46), (169, 112, 0), (213, 141, 0), (195, 126, 0), (234, 156, 0), (3007, 2005, 0), (3371, 2247, 46), (524, 346, 35), (4279, 2852, 1), (185, 120, 0), (170, 111, 0), (191, 126, 0), (189, 125, 0), (4682, 3123, 0), (183, 122, 0), (204, 135, 0), (189, 128, 0), (3315, 2211, 0), (187, 126, 0), (5732, 3822, 27), (190, 128, 0), (219, 145, 0), (191, 130, 0), (239, 159, 0), (365, 241, 0), (399, 266, 0), (298, 200, 0), (850, 566, 0), (3792, 2528, 0), (180, 119, 0), (290, 192, 0), (241, 161, 0), (281, 186, 0), (401, 268, 0), (3928, 2620, 0), (4312, 2875, 49), (4719, 3146, 45), (405, 266, 51), (188, 124, 0), (155, 102, 0), (184, 118, 0), (265, 176, 0), (2976, 1986, 0), (195, 131, 0), (316, 207, 0), (232, 154, 0), (215, 144, 0), (365, 240, 0), (178, 116, 0), (258, 169, 0), (251, 166, 0)]
