Episode:  0 / 20 Score:  31 epsilon:  0.7851989098440427 ação:  1 TempoEpisodio: 1984.2166638374329 Reward: 10
listaacao: [0, 1, 0, 1, 0, 0, 0, 1, 1, 0, 0, 1, 0, 1, 0, 0, 1, 1, 0, 1, 1, 1, 0, 0, 0, 0, 1, 0, 1, 0, 0, 1]
listaRecompensa: [0, -10, -10, 10, 10, 10, 10, -10, 10, 10, 10, 10, -10, 10, 10, 10, -10, 10, 10, -10, -10, 10, -10, -10, -10, 10, -10, 10, 10, -10, 10, 10]
Medias: [(0, 0, 0), (191, 126, 0), (5229, 3486, 49), (2945, 1963, 33), (270, 179, 0), (246, 167, 0), (278, 187, 0), (342, 225, 0), (4896, 3263, 50), (181, 118, 0), (160, 105, 0), (5167, 3444, 0), (4272, 2848, 55), (338, 228, 2), (211, 138, 0), (377, 248, 0), (208, 136, 0), (4856, 3234, 51), (182, 124, 0), (558, 372, 0), (283, 183, 0), (409, 271, 1), (1098, 731, 23), (4608, 3072, 58), (3059, 2038, 0), (442, 292, 0), (268, 180, 0), (256, 170, 0), (1858, 1239, 0), (1235, 821, 44), (182, 122, 0), (3042, 2027, 0)]
Episode:  1 / 20 Score:  31 epsilon:  0.48410443783967744 ação:  0 TempoEpisodio: 2021.504805803299 Reward: 10
listaacao: [1, 0, 1, 0, 0, 1, 0, 1, 0, 0, 0, 0, 1, 0, 1, 1, 1, 0, 1, 0, 0, 0, 0, 1, 1, 1, 1, 0, 1, 0, 0, 0]
listaRecompensa: [0, 10, -10, 10, 10, -10, 10, 10, -10, 10, 10, 10, 10, 10, 10, -10, -10, 10, 10, 10, 10, 10, 10, 10, 10, 10, 10, -10, 10, 10, -10, 10]
Medias: [(0, 0, 0), (162, 100, 0), (207, 138, 0), (168, 110, 0), (427, 283, 0), (216, 145, 0), (255, 171, 0), (4186, 2791, 51), (298, 197, 1), (204, 132, 0), (278, 185, 0), (170, 108, 0), (5274, 3516, 0), (168, 110, 0), (5001, 3335, 41), (269, 178, 0), (216, 141, 0), (259, 171, 0), (4471, 2980, 58), (200, 131, 0), (242, 160, 0), (177, 118, 0), (452, 302, 0), (1553, 1033, 0), (2457, 1636, 33), (2357, 1570, 45), (1909, 1272, 38), (2373, 1578, 36), (1384, 921, 52), (352, 232, 0), (3089, 2061, 2), (647, 421, 0)]
Episode:  2 / 20 Score:  31 epsilon:  0.29846845658843124 ação:  0 TempoEpisodio: 2021.306036233902 Reward: -10
listaacao: [1, 0, 1, 1, 0, 0, 0, 0, 1, 1, 1, 1, 0, 0, 1, 1, 1, 0, 1, 0, 0, 0, 1, 0, 0, 0, 0, 0, 1, 1, 0, 0]
listaRecompensa: [0, 10, -10, 10, 10, 10, -10, -10, -10, 10, -10, 10, 10, -10, -10, 10, -10, 10, -10, -10, -10, 10, 10, -10, 10, 10, 10, 10, 10, -10, -10, -10]
Medias: [(0, 0, 0), (198, 132, 0), (267, 179, 0), (5322, 3549, 38), (171, 113, 0), (206, 139, 0), (5291, 3527, 0), (4940, 3293, 0), (212, 147, 0), (5603, 3736, 35), (189, 122, 0), (4602, 3069, 45), (183, 122, 0), (441, 294, 2), (185, 118, 0), (4965, 3309, 35), (157, 102, 0), (207, 133, 0), (208, 138, 0), (761, 508, 53), (2971, 1980, 8), (163, 104, 0), (1744, 1163, 0), (1960, 1305, 23), (343, 227, 0), (374, 249, 0), (209, 135, 0), (286, 187, 0), (3928, 2620, 0), (737, 490, 0), (4262, 2841, 55), (227, 148, 2)]
Episode:  3 / 20 Score:  31 epsilon:  0.1840169447233663 ação:  0 TempoEpisodio: 2021.3141345977783 Reward: 10
listaacao: [0, 1, 1, 1, 0, 1, 1, 0, 1, 1, 0, 0, 1, 0, 0, 1, 1, 0, 0, 0, 0, 0, 1, 0, 0, 0, 0, 0, 0, 0, 0, 0]
listaRecompensa: [0, -10, -10, -10, 10, 10, 10, 10, 10, 10, 10, 10, -10, 10, 10, 10, -10, 10, 10, 10, 10, 10, 10, -10, 10, 10, 10, 10, 10, 10, 10, 10]
Medias: [(0, 0, 0), (247, 166, 0), (164, 105, 0), (400, 267, 0), (273, 182, 0), (4321, 2880, 59), (4699, 3133, 56), (281, 190, 0), (213, 140, 1), (4625, 3082, 49), (170, 110, 0), (187, 125, 0), (167, 108, 0), (295, 195, 0), (266, 177, 0), (5167, 3442, 0), (163, 104, 0), (228, 149, 0), (348, 234, 0), (199, 128, 0), (202, 132, 0), (233, 153, 0), (1723, 1150, 0), (1840, 1227, 15), (236, 153, 0), (231, 153, 0), (327, 218, 0), (263, 167, 0), (283, 189, 0), (178, 114, 0), (346, 230, 0), (237, 159, 0)]
Episode:  4 / 20 Score:  31 epsilon:  0.11345331541019858 ação:  0 TempoEpisodio: 2022.9880273342133 Reward: 10
listaacao: [1, 1, 1, 0, 0, 0, 0, 1, 0, 1, 1, 0, 0, 0, 1, 0, 0, 0, 0, 0, 1, 0, 0, 0, 1, 1, 1, 0, 0, 0, 0, 0]
listaRecompensa: [0, 10, 10, -10, 10, 10, 10, 10, 10, 10, 10, 10, 10, 10, 10, -10, -10, -10, 10, 10, 10, -10, 10, 10, 10, 10, 10, 10, 10, 10, 10, 10]
Medias: [(0, 0, 0), (4035, 2691, 35), (4850, 3233, 55), (275, 181, 5), (170, 113, 0), (176, 117, 0), (177, 116, 0), (5020, 3348, 0), (263, 176, 0), (4341, 2896, 54), (4887, 3257, 22), (196, 131, 0), (576, 379, 0), (291, 194, 0), (4689, 3125, 0), (526, 347, 38), (3962, 2644, 45), (3171, 2116, 0), (252, 166, 0), (337, 223, 0), (2306, 1536, 0), (1833, 1222, 46), (226, 149, 0), (225, 152, 0), (3340, 2229, 0), (2442, 1628, 49), (4697, 3132, 52), (196, 131, 0), (167, 109, 0), (237, 156, 0), (400, 265, 0), (184, 121, 0)]
Episode:  5 / 20 Score:  31 epsilon:  0.06994820393804511 ação:  0 TempoEpisodio: 2025.0422956943512 Reward: 10
listaacao: [1, 1, 1, 0, 0, 0, 1, 0, 0, 0, 0, 0, 0, 1, 0, 0, 1, 1, 1, 1, 1, 0, 0, 0, 0, 1, 0, 0, 1, 0, 0, 0]
listaRecompensa: [0, 10, 10, 10, -10, 10, 10, 10, -10, 10, 10, -10, 10, 10, 10, -10, 10, 10, 10, 10, 10, -10, 10, 10, 10, 10, 10, 10, -10, 10, 10, 10]
Medias: [(0, 0, 0), (4061, 2706, 48), (4381, 2920, 52), (253, 171, 0), (226, 150, 2), (207, 135, 0), (4778, 3186, 0), (166, 113, 0), (398, 265, 1), (168, 105, 0), (186, 120, 0), (3741, 2494, 0), (494, 325, 0), (3313, 2208, 0), (183, 117, 0), (1185, 787, 2), (2278, 1519, 0), (1932, 1287, 54), (3623, 2416, 42), (4224, 2815, 14), (4338, 2892, 46), (1146, 761, 43), (185, 119, 0), (207, 140, 0), (431, 287, 0), (4629, 3087, 0), (279, 187, 0), (456, 301, 0), (180, 116, 0), (209, 142, 0), (240, 159, 0), (346, 232, 0)]
Episode:  6 / 20 Score:  31 epsilon:  0.04312567875577948 ação:  1 TempoEpisodio: 2022.5624132156372 Reward: 10
listaacao: [1, 1, 0, 0, 1, 0, 1, 1, 0, 0, 0, 0, 0, 0, 0, 0, 0, 0, 0, 0, 0, 0, 0, 0, 0, 0, 0, 1, 0, 0, 0, 1]
listaRecompensa: [0, 10, 10, 10, 10, -10, 10, 10, -10, 10, 10, 10, -10, -10, 10, -10, -10, 10, 10, 10, 10, 10, 10, 10, 10, 10, -10, -10, 10, 10, 10, 10]
Medias: [(0, 0, 0), (4152, 2768, 42), (172, 108, 0), (190, 123, 0), (4758, 3172, 0), (168, 110, 1), (5010, 3339, 36), (4043, 2697, 42), (466, 310, 1), (269, 176, 0), (277, 180, 0), (243, 162, 0), (1294, 861, 0), (2584, 1720, 0), (275, 182, 0), (2967, 1979, 0), (1682, 1121, 0), (240, 157, 0), (415, 274, 0), (336, 224, 0), (213, 141, 0), (283, 187, 0), (195, 129, 0), (374, 247, 0), (180, 118, 0), (588, 394, 0), (3474, 2315, 0), (192, 128, 0), (310, 208, 0), (366, 243, 0), (451, 300, 0), (4380, 2921, 0)]
Episode:  7 / 20 Score:  31 epsilon:  0.02658859074914894 ação:  0 TempoEpisodio: 2022.968745470047 Reward: 10
listaacao: [1, 1, 1, 0, 0, 0, 0, 1, 0, 0, 0, 0, 0, 1, 0, 0, 0, 0, 0, 0, 0, 0, 0, 1, 0, 0, 0, 0, 0, 1, 0, 0]
listaRecompensa: [0, -10, 10, -10, 10, 10, 10, 10, -10, -10, 10, 10, -10, 10, 10, 10, 10, 10, 10, 10, 10, 10, 10, 10, 10, 10, 10, 10, 10, 10, -10, 10]
Medias: [(0, 0, 0), (179, 117, 0), (3895, 2597, 44), (296, 198, 1), (531, 352, 0), (211, 141, 0), (266, 174, 0), (3871, 2580, 0), (488, 325, 17), (228, 152, 1), (270, 177, 0), (186, 121, 0), (1046, 695, 0), (1834, 1224, 0), (201, 133, 0), (299, 196, 0), (183, 118, 0), (198, 133, 0), (244, 160, 0), (256, 170, 0), (302, 202, 0), (194, 128, 0), (303, 198, 0), (5151, 3433, 0), (306, 205, 0), (215, 140, 0), (480, 322, 0), (235, 155, 0), (262, 174, 0), (4914, 3276, 0), (572, 382, 1), (305, 203, 0)]
Episode:  8 / 20 Score:  31 epsilon:  0.016392858696304843 ação:  0 TempoEpisodio: 2024.7771527767181 Reward: 10
listaacao: [0, 0, 0, 0, 0, 0, 1, 1, 0, 1, 0, 0, 0, 0, 0, 0, 0, 1, 0, 1, 1, 0, 1, 0, 1, 0, 1, 0, 0, 1, 0, 0]
listaRecompensa: [0, 10, 10, 10, 10, 10, 10, -10, 10, 10, -10, -10, 10, 10, 10, 10, 10, 10, 10, 10, 10, 10, 10, 10, 10, 10, 10, 10, 10, 10, 10, 10]
Medias: [(0, 0, 0), (252, 167, 0), (627, 420, 0), (187, 124, 0), (200, 133, 0), (884, 589, 0), (4035, 2689, 0), (184, 119, 0), (272, 180, 0), (1721, 1147, 0), (3028, 2019, 41), (267, 179, 3), (185, 121, 0), (215, 142, 0), (230, 151, 0), (290, 194, 0), (229, 150, 0), (4526, 3015, 0), (292, 194, 0), (4334, 2890, 53), (4710, 3140, 44), (170, 109, 0), (5102, 3401, 37), (234, 156, 0), (4954, 3301, 41), (229, 152, 0), (4996, 3331, 58), (254, 171, 0), (433, 289, 0), (4488, 2994, 0), (223, 146, 0), (187, 123, 0)]
Episode:  9 / 20 Score:  31 epsilon:  0.010106809299233686 ação:  0 TempoEpisodio: 2022.2300343513489 Reward: 10
listaacao: [0, 1, 0, 1, 1, 0, 0, 0, 0, 0, 0, 1, 0, 0, 1, 0, 0, 0, 0, 0, 1, 0, 0, 0, 1, 1, 0, 0, 0, 0, 0, 0]
listaRecompensa: [0, 10, -10, 10, 10, -10, -10, 10, 10, 10, 10, 10, -10, -10, 10, 10, 10, 10, 10, 10, 10, 10, -10, 10, 10, 10, 10, -10, 10, 10, 10, 10]
Medias: [(0, 0, 0), (4633, 3088, 0), (609, 407, 54), (4171, 2781, 31), (3355, 2237, 47), (474, 315, 2), (291, 193, 6), (182, 117, 0), (307, 201, 0), (206, 135, 0), (209, 137, 0), (2206, 1472, 0), (643, 431, 37), (4732, 3155, 0), (4687, 3125, 0), (250, 163, 0), (385, 253, 0), (277, 184, 0), (225, 150, 0), (158, 100, 0), (5378, 3587, 0), (232, 154, 0), (202, 138, 1), (333, 224, 0), (3577, 2385, 0), (5113, 3409, 51), (151, 98, 0), (202, 133, 1), (161, 105, 0), (294, 195, 0), (187, 125, 0), (548, 364, 0)]
Episode:  10 / 20 Score:  31 epsilon:  0.009955207159745181 ação:  1 TempoEpisodio: 2020.7680892944336 Reward: 10
listaacao: [0, 0, 0, 0, 0, 1, 0, 0, 0, 0, 0, 0, 0, 0, 1, 1, 0, 0, 0, 0, 0, 1, 0, 0, 0, 0, 0, 0, 0, 0, 0, 1]
listaRecompensa: [0, 10, 10, 10, 10, -10, 10, 10, 10, 10, 10, 10, 10, 10, 10, 10, 10, 10, 10, 10, 10, 10, 10, 10, 10, 10, 10, 10, 10, 10, 10, 10]
Medias: [(0, 0, 0), (289, 191, 0), (412, 273, 0), (205, 137, 0), (294, 197, 0), (393, 260, 0), (384, 259, 0), (212, 142, 0), (213, 137, 0), (172, 111, 0), (204, 134, 0), (181, 119, 0), (172, 111, 0), (168, 112, 0), (5421, 3614, 0), (4848, 3234, 53), (214, 137, 0), (182, 123, 0), (177, 116, 0), (303, 201, 0), (315, 208, 0), (3518, 2345, 0), (160, 105, 0), (201, 131, 0), (548, 367, 0), (163, 106, 0), (302, 200, 0), (249, 161, 0), (262, 173, 0), (189, 126, 0), (180, 116, 0), (3478, 2318, 0)]
Episode:  11 / 20 Score:  31 epsilon:  0.009955207159745181 ação:  0 TempoEpisodio: 2023.7614483833313 Reward: 10
listaacao: [0, 0, 0, 1, 1, 1, 1, 1, 1, 0, 0, 1, 1, 0, 0, 0, 0, 0, 1, 0, 0, 0, 0, 0, 1, 0, 1, 0, 0, 1, 0, 0]
listaRecompensa: [0, 10, 10, 10, 10, 10, 10, 10, 10, -10, 10, 10, 10, 10, 10, 10, 10, 10, 10, 10, 10, 10, 10, 10, 10, 10, 10, 10, 10, 10, 10, 10]
Medias: [(0, 0, 0), (401, 269, 0), (283, 189, 0), (1894, 1263, 0), (2028, 1353, 56), (2542, 1695, 52), (4793, 3196, 47), (5179, 3453, 46), (4814, 3210, 49), (348, 232, 33), (322, 216, 0), (3931, 2621, 0), (4525, 3016, 37), (167, 107, 0), (378, 254, 0), (685, 457, 0), (221, 144, 0), (192, 125, 0), (5117, 3412, 0), (158, 101, 0), (171, 114, 0), (441, 295, 0), (332, 224, 0), (181, 114, 0), (3357, 2239, 0), (284, 189, 0), (4976, 3318, 44), (184, 107, 0), (616, 408, 0), (3385, 2257, 0), (195, 128, 0), (197, 134, 0)]
Episode:  12 / 20 Score:  31 epsilon:  0.009955207159745181 ação:  0 TempoEpisodio: 2020.769504070282 Reward: 10
listaacao: [0, 0, 0, 0, 0, 0, 0, 0, 1, 1, 0, 0, 1, 0, 0, 0, 1, 0, 0, 0, 0, 0, 0, 1, 1, 0, 0, 0, 0, 0, 0, 0]
listaRecompensa: [0, 10, 10, 10, 10, 10, 10, 10, 10, 10, 10, 10, -10, 10, -10, 10, 10, 10, 10, 10, 10, 10, 10, 10, 10, 10, 10, 10, 10, 10, 10, 10]
Medias: [(0, 0, 0), (199, 132, 0), (186, 128, 0), (214, 139, 0), (393, 262, 0), (442, 291, 0), (201, 135, 0), (168, 107, 0), (3474, 2314, 0), (5300, 3533, 32), (172, 116, 0), (172, 106, 0), (233, 151, 0), (211, 141, 0), (261, 169, 2), (239, 160, 0), (4169, 2778, 0), (203, 133, 0), (445, 300, 0), (292, 192, 0), (186, 120, 0), (171, 114, 0), (196, 127, 0), (5639, 3760, 0), (4151, 2767, 45), (181, 118, 0), (164, 113, 0), (257, 172, 0), (245, 164, 0), (461, 306, 0), (170, 113, 0), (370, 243, 0)]
Episode:  13 / 20 Score:  31 epsilon:  0.009955207159745181 ação:  1 TempoEpisodio: 2023.4210047721863 Reward: 10
listaacao: [0, 0, 0, 0, 0, 0, 0, 0, 0, 0, 0, 0, 0, 1, 0, 0, 1, 0, 1, 0, 0, 0, 0, 1, 0, 0, 0, 1, 1, 0, 1, 1]
listaRecompensa: [0, 10, 10, 10, 10, 10, -10, 10, 10, 10, 10, 10, 10, 10, 10, -10, 10, 10, 10, 10, 10, 10, 10, 10, 10, 10, -10, 10, 10, 10, 10, 10]
Medias: [(0, 0, 0), (209, 141, 0), (195, 130, 0), (268, 176, 0), (429, 286, 0), (175, 117, 0), (2615, 1742, 0), (201, 135, 0), (163, 106, 0), (450, 301, 0), (315, 211, 0), (292, 194, 0), (242, 160, 0), (5022, 3349, 0), (322, 215, 0), (236, 156, 7), (4886, 3257, 0), (172, 112, 0), (4273, 2847, 24), (174, 111, 0), (212, 140, 0), (280, 186, 0), (282, 185, 0), (3934, 2620, 0), (154, 98, 0), (207, 131, 0), (1071, 711, 0), (4223, 2813, 0), (2815, 1873, 26), (352, 233, 0), (2419, 1613, 0), (2087, 1391, 45)]
Episode:  14 / 20 Score:  31 epsilon:  0.009955207159745181 ação:  1 TempoEpisodio: 2024.2159111499786 Reward: 10
listaacao: [1, 1, 1, 1, 0, 0, 0, 0, 1, 1, 0, 0, 1, 1, 0, 0, 0, 0, 0, 0, 0, 0, 0, 0, 0, 0, 1, 1, 1, 0, 0, 1]
listaRecompensa: [0, 10, 10, 10, 10, 10, 10, 10, 10, 10, 10, 10, 10, 10, 10, 10, 10, 10, 10, 10, 10, 10, 10, 10, 10, 10, 10, 10, 10, -10, 10, 10]
Medias: [(0, 0, 0), (4441, 2962, 49), (966, 641, 28), (4203, 2802, 56), (294, 195, 0), (192, 126, 0), (282, 189, 0), (356, 238, 0), (5029, 3353, 0), (5320, 3547, 50), (285, 190, 0), (215, 142, 0), (3311, 2206, 0), (4255, 2836, 48), (386, 258, 0), (361, 241, 0), (276, 181, 0), (364, 243, 0), (211, 137, 0), (246, 163, 0), (217, 142, 0), (185, 122, 0), (169, 105, 0), (230, 154, 0), (299, 197, 0), (254, 169, 0), (1998, 1330, 0), (2531, 1684, 25), (2330, 1552, 39), (2047, 1361, 46), (332, 221, 0), (3980, 2653, 0)]
Episode:  15 / 20 Score:  31 epsilon:  0.009955207159745181 ação:  0 TempoEpisodio: 2022.0584943294525 Reward: 10
listaacao: [0, 0, 0, 0, 0, 0, 0, 0, 0, 0, 0, 1, 0, 1, 1, 0, 1, 0, 0, 0, 0, 0, 0, 0, 0, 0, 0, 1, 0, 0, 1, 0]
listaRecompensa: [0, 10, 10, 10, 10, 10, 10, 10, 10, 10, 10, -10, 10, 10, 10, 10, 10, 10, 10, 10, 10, 10, 10, 10, 10, 10, 10, 10, -10, 10, 10, 10]
Medias: [(0, 0, 0), (212, 143, 0), (236, 158, 0), (177, 115, 0), (213, 141, 0), (212, 140, 0), (471, 312, 0), (443, 294, 0), (337, 225, 0), (365, 245, 0), (174, 114, 0), (98, 61, 0), (361, 241, 0), (3961, 2640, 39), (4296, 2865, 28), (369, 242, 0), (4054, 2682, 56), (327, 219, 0), (165, 109, 0), (232, 153, 0), (374, 251, 0), (223, 147, 0), (178, 123, 0), (302, 198, 0), (202, 135, 0), (300, 200, 0), (230, 151, 0), (2513, 1675, 0), (1270, 741, 48), (199, 131, 0), (3401, 2271, 0), (399, 267, 0)]
Episode:  16 / 20 Score:  31 epsilon:  0.009955207159745181 ação:  0 TempoEpisodio: 2022.8149738311768 Reward: 10
listaacao: [0, 1, 1, 0, 0, 0, 0, 0, 0, 1, 1, 0, 0, 1, 0, 1, 0, 0, 0, 0, 0, 0, 0, 0, 0, 1, 1, 0, 0, 0, 0, 0]
listaRecompensa: [0, 10, 10, 10, 10, 10, 10, 10, 10, 10, 10, 10, 10, 10, 10, 10, 10, 10, 10, 10, 10, 10, 10, 10, 10, 10, 10, 10, 10, 10, 10, 10]
Medias: [(0, 0, 0), (4687, 3124, 0), (4929, 3286, 51), (181, 117, 0), (357, 237, 0), (540, 360, 0), (321, 211, 0), (279, 184, 0), (187, 122, 0), (5385, 3590, 0), (4406, 2935, 36), (355, 235, 0), (214, 143, 0), (4340, 2892, 0), (540, 358, 0), (4051, 2700, 56), (159, 103, 0), (162, 104, 0), (187, 122, 0), (248, 166, 0), (575, 382, 0), (267, 179, 0), (270, 182, 0), (303, 201, 0), (215, 143, 0), (2710, 1804, 0), (1239, 825, 27), (202, 135, 0), (163, 106, 0), (259, 170, 0), (285, 190, 0), (234, 156, 0)]
Episode:  17 / 20 Score:  31 epsilon:  0.009955207159745181 ação:  0 TempoEpisodio: 2024.861410856247 Reward: 10
listaacao: [1, 0, 0, 0, 1, 0, 0, 0, 0, 0, 0, 1, 1, 0, 0, 0, 0, 0, 1, 1, 1, 0, 1, 1, 1, 0, 1, 1, 0, 1, 0, 0]
listaRecompensa: [0, 10, 10, 10, 10, 10, 10, 10, 10, 10, 10, 10, 10, 10, 10, 10, 10, 10, 10, 10, -10, 10, 10, 10, 10, -10, 10, 10, 10, 10, 10, 10]
Medias: [(0, 0, 0), (273, 180, 0), (247, 165, 0), (274, 182, 0), (3765, 2511, 0), (361, 242, 0), (270, 184, 0), (296, 196, 0), (278, 182, 0), (165, 111, 0), (236, 158, 0), (4286, 2857, 0), (4132, 2756, 39), (200, 131, 0), (171, 109, 0), (493, 324, 0), (911, 607, 0), (333, 220, 0), (1988, 1324, 0), (2877, 1918, 48), (230, 152, 0), (211, 138, 0), (3007, 2004, 0), (908, 602, 29), (4124, 2748, 49), (484, 324, 27), (4108, 2740, 0), (4640, 3094, 42), (292, 198, 0), (3998, 2666, 13), (253, 169, 0), (252, 167, 0)]
Episode:  18 / 20 Score:  31 epsilon:  0.009955207159745181 ação:  0 TempoEpisodio: 2023.1359667778015 Reward: 10
listaacao: [1, 0, 0, 1, 0, 0, 0, 1, 0, 1, 1, 0, 0, 0, 1, 0, 0, 0, 0, 0, 0, 0, 0, 1, 1, 0, 0, 0, 0, 0, 0, 0]
listaRecompensa: [0, 10, -10, 10, -10, 10, 10, 10, 10, 10, 10, -10, 10, 10, 10, -10, 10, 10, 10, 10, 10, 10, 10, 10, -10, 10, 10, 10, 10, 10, 10, 10]
Medias: [(0, 0, 0), (174, 116, 0), (219, 146, 1), (4180, 2785, 0), (380, 253, 2), (204, 136, 0), (171, 114, 0), (4371, 2915, 0), (159, 98, 0), (5209, 3473, 59), (3910, 2606, 41), (175, 119, 12), (211, 138, 0), (301, 194, 0), (1644, 1096, 0), (2544, 1696, 56), (215, 142, 0), (289, 193, 0), (303, 201, 0), (281, 188, 0), (195, 127, 0), (405, 265, 0), (238, 158, 0), (4581, 3054, 0), (380, 253, 0), (191, 129, 0), (221, 143, 0), (147, 97, 0), (490, 326, 0), (168, 109, 0), (319, 210, 0), (276, 180, 0)]
Episode:  19 / 20 Score:  31 epsilon:  0.009955207159745181 ação:  1 TempoEpisodio: 2024.6457953453064 Reward: 10
listaacao: [0, 0, 1, 0, 1, 1, 0, 1, 1, 0, 0, 1, 1, 0, 1, 0, 0, 1, 0, 1, 1, 1, 0, 0, 0, 0, 0, 0, 1, 0, 0, 1]
listaRecompensa: [0, 10, -10, 10, 10, 10, 10, 10, 10, 10, -10, 10, 10, 10, 10, -10, -10, 10, -10, 10, 10, -10, 10, 10, 10, 10, 10, 10, 10, 10, 10, 10]
Medias: [(0, 0, 0), (288, 194, 0), (376, 249, 0), (282, 188, 0), (4076, 2717, 53), (3703, 2469, 37), (219, 145, 0), (4221, 2816, 37), (3731, 2487, 49), (164, 106, 0), (1946, 1296, 4), (4403, 2936, 0), (2398, 1596, 45), (157, 101, 0), (2415, 1609, 0), (2060, 1372, 30), (226, 149, 1), (3633, 2421, 0), (439, 290, 26), (3833, 2554, 2), (3805, 2536, 48), (511, 341, 0), (164, 107, 0), (368, 247, 0), (238, 158, 0), (279, 181, 0), (192, 124, 0), (350, 235, 0), (4650, 3102, 0), (399, 263, 0), (171, 109, 0), (4682, 3122, 0)]
