Episode:  0 / 20 Score:  31 epsilon:  0.6142536534626856 ação:  0 TempoEpisodio: 1983.5511591434479 Reward: 10
listaacao: [0, 1, 0, 0, 1, 1, 0, 0, 1, 1, 1, 0, 0, 1, 1, 0, 0, 1, 0, 0, 1, 0, 0, 0, 0, 0, 0, 0, 0, 1, 0, 0]
listaRecompensa: [0, -10, 10, 10, 10, 10, 10, 10, -10, 10, 10, -10, -10, -10, 10, -10, 10, 10, -10, 10, -10, 10, 10, 10, -10, 10, -10, 10, 10, -10, 10, 10]
Medias: [(0, 0, 0), (129, 87, 0), (156, 98, 0), (233, 154, 0), (1705, 1135, 0), (2434, 1624, 46), (194, 127, 0), (213, 140, 0), (199, 134, 0), (1662, 1106, 53), (1665, 1107, 36), (1961, 1308, 58), (2698, 1797, 52), (326, 216, 0), (1354, 900, 49), (2526, 1678, 45), (210, 142, 0), (1691, 1125, 0), (1264, 843, 28), (274, 182, 0), (260, 175, 0), (193, 129, 0), (184, 119, 0), (224, 144, 0), (3892, 2594, 0), (611, 401, 0), (4372, 2915, 0), (275, 184, 0), (349, 236, 0), (248, 167, 0), (180, 115, 0), (156, 106, 0)]
Episode:  1 / 20 Score:  31 epsilon:  0.23176254155320164 ação:  1 TempoEpisodio: 2021.2968544960022 Reward: -10
listaacao: [0, 1, 1, 0, 0, 0, 0, 0, 0, 1, 0, 0, 0, 1, 1, 0, 0, 0, 1, 1, 1, 0, 0, 0, 1, 0, 0, 0, 0, 0, 1, 1]
listaRecompensa: [0, -10, -10, 10, -10, 10, 10, 10, 10, -10, -10, 10, -10, 10, 10, 10, 10, 10, 10, 10, 10, -10, -10, 10, -10, 10, 10, 10, 10, 10, 10, -10]
Medias: [(0, 0, 0), (159, 98, 0), (247, 163, 0), (233, 151, 0), (221, 144, 3), (273, 180, 0), (352, 233, 0), (196, 130, 0), (167, 107, 0), (308, 204, 0), (243, 163, 5), (164, 108, 0), (4741, 3159, 0), (4141, 2761, 0), (3716, 2476, 30), (163, 110, 0), (190, 127, 0), (612, 408, 0), (2320, 1547, 0), (2115, 1409, 44), (2674, 1785, 46), (1693, 1126, 31), (340, 226, 6), (195, 130, 0), (173, 113, 0), (201, 132, 0), (157, 105, 0), (312, 207, 0), (163, 105, 0), (184, 120, 0), (5270, 3450, 0), (292, 192, 0)]
Episode:  2 / 20 Score:  31 epsilon:  0.08744575691882718 ação:  0 TempoEpisodio: 2022.7794408798218 Reward: 10
listaacao: [1, 0, 0, 0, 1, 1, 1, 1, 0, 0, 1, 0, 0, 1, 1, 1, 1, 0, 0, 0, 0, 1, 1, 0, 0, 0, 1, 0, 1, 0, 0, 0]
listaRecompensa: [0, 10, 10, 10, 10, 10, 10, -10, 10, 10, -10, 10, 10, 10, 10, 10, 10, -10, 10, 10, -10, 10, 10, -10, 10, 10, 10, 10, 10, 10, -10, 10]
Medias: [(0, 0, 0), (319, 215, 0), (298, 196, 0), (214, 143, 0), (5176, 3451, 0), (4611, 3075, 44), (5066, 3377, 46), (329, 219, 0), (234, 155, 0), (267, 174, 0), (170, 111, 0), (183, 120, 0), (265, 175, 0), (1856, 1238, 0), (4343, 2897, 23), (3571, 2380, 46), (2415, 1609, 40), (203, 134, 3), (271, 180, 0), (178, 115, 0), (2712, 1807, 0), (3618, 2412, 0), (4833, 3222, 49), (162, 108, 1), (163, 104, 0), (308, 204, 0), (4339, 2893, 0), (161, 103, 0), (3731, 2487, 17), (459, 302, 0), (416, 275, 3), (194, 127, 0)]
Episode:  3 / 20 Score:  31 epsilon:  0.03299394437021773 ação:  0 TempoEpisodio: 2021.0928976535797 Reward: 10
listaacao: [0, 0, 0, 0, 1, 0, 0, 0, 0, 0, 0, 0, 0, 0, 0, 0, 0, 0, 0, 0, 0, 0, 0, 0, 0, 0, 0, 0, 0, 0, 0, 0]
listaRecompensa: [0, 10, 10, 10, 10, 10, 10, 10, 10, 10, -10, -10, 10, 10, 10, 10, -10, -10, 10, 10, 10, 10, 10, 10, 10, 10, 10, 10, 10, 10, 10, 10]
Medias: [(0, 0, 0), (240, 162, 0), (315, 206, 0), (235, 157, 0), (5654, 3771, 0), (279, 186, 0), (174, 119, 0), (436, 290, 0), (157, 102, 0), (488, 324, 0), (3632, 2422, 0), (3368, 2247, 0), (207, 139, 0), (213, 143, 0), (187, 124, 0), (219, 144, 0), (2225, 1481, 0), (1420, 948, 0), (247, 164, 0), (183, 123, 0), (199, 133, 0), (418, 277, 0), (334, 221, 0), (162, 109, 0), (339, 224, 0), (213, 143, 0), (262, 171, 0), (530, 352, 0), (176, 113, 0), (182, 117, 0), (211, 138, 0), (172, 113, 0)]
Episode:  4 / 20 Score:  31 epsilon:  0.012448864341302825 ação:  0 TempoEpisodio: 2022.2481334209442 Reward: 10
listaacao: [0, 0, 1, 1, 0, 0, 0, 0, 0, 0, 1, 1, 0, 1, 0, 0, 0, 0, 0, 0, 0, 1, 0, 0, 0, 0, 0, 0, 0, 0, 0, 0]
listaRecompensa: [0, 10, 10, 10, 10, -10, 10, 10, 10, 10, 10, 10, -10, 10, 10, -10, 10, 10, 10, 10, 10, -10, 10, -10, 10, 10, 10, 10, 10, 10, 10, 10]
Medias: [(0, 0, 0), (186, 123, 0), (3927, 2617, 0), (4666, 3113, 32), (213, 141, 0), (217, 140, 4), (232, 156, 0), (329, 222, 0), (235, 152, 0), (797, 531, 0), (4634, 3090, 0), (2533, 1688, 27), (1872, 1247, 57), (2097, 1398, 52), (275, 182, 0), (364, 241, 16), (198, 132, 0), (176, 113, 0), (276, 183, 0), (298, 199, 0), (190, 124, 0), (389, 260, 0), (330, 221, 0), (4781, 3188, 36), (250, 161, 0), (163, 101, 0), (187, 109, 0), (596, 398, 0), (218, 146, 0), (166, 108, 0), (280, 186, 0), (344, 231, 0)]
Episode:  5 / 20 Score:  31 epsilon:  0.009756714760036816 ação:  0 TempoEpisodio: 2022.2352776527405 Reward: 10
listaacao: [0, 0, 0, 1, 0, 0, 1, 1, 1, 0, 1, 0, 0, 0, 0, 0, 1, 1, 0, 1, 0, 1, 1, 0, 0, 0, 0, 0, 1, 0, 0, 0]
listaRecompensa: [0, 10, 10, 10, 10, 10, 10, 10, 10, -10, 10, -10, 10, 10, 10, 10, 10, 10, 10, -10, 10, 10, 10, 10, 10, 10, 10, 10, 10, -10, -10, 10]
Medias: [(0, 0, 0), (406, 267, 0), (180, 112, 0), (4577, 3051, 0), (283, 185, 0), (184, 120, 0), (1174, 781, 0), (3175, 2117, 38), (1568, 1046, 45), (2076, 1385, 37), (4493, 2995, 56), (2067, 1379, 15), (298, 197, 0), (259, 173, 0), (444, 297, 0), (314, 206, 0), (4234, 2822, 0), (3564, 2376, 41), (165, 109, 0), (167, 108, 0), (237, 156, 0), (4818, 3212, 24), (4082, 2720, 13), (115, 66, 0), (261, 169, 0), (207, 138, 0), (343, 229, 0), (209, 139, 0), (3906, 2603, 0), (170, 112, 1), (297, 196, 1), (227, 153, 0)]
Episode:  6 / 20 Score:  31 epsilon:  0.009756714760036816 ação:  0 TempoEpisodio: 2023.0727722644806 Reward: 10
listaacao: [0, 0, 0, 0, 0, 0, 0, 0, 1, 0, 0, 0, 0, 1, 0, 1, 0, 0, 0, 0, 1, 0, 0, 0, 0, 1, 1, 1, 1, 1, 0, 0]
listaRecompensa: [0, 10, 10, 10, 10, 10, 10, -10, 10, 10, -10, 10, 10, 10, 10, 10, 10, 10, 10, 10, 10, 10, -10, 10, 10, -10, 10, 10, 10, 10, 10, 10]
Medias: [(0, 0, 0), (166, 104, 0), (186, 126, 0), (228, 147, 0), (237, 155, 0), (163, 105, 0), (220, 147, 0), (1482, 988, 0), (2478, 1655, 0), (171, 114, 0), (185, 123, 1), (218, 145, 0), (216, 141, 0), (3309, 2206, 0), (536, 354, 0), (4202, 2801, 0), (176, 115, 0), (293, 194, 0), (179, 117, 0), (244, 163, 0), (4348, 2897, 0), (170, 111, 0), (5184, 3458, 53), (255, 171, 0), (219, 147, 0), (481, 320, 0), (5193, 3463, 46), (4666, 3111, 38), (3677, 2452, 49), (5063, 3375, 46), (195, 127, 0), (340, 224, 0)]
Episode:  7 / 20 Score:  31 epsilon:  0.009756714760036816 ação:  1 TempoEpisodio: 2022.8607831001282 Reward: 10
listaacao: [0, 0, 0, 0, 1, 1, 0, 0, 0, 1, 0, 0, 0, 0, 0, 0, 0, 0, 0, 0, 0, 0, 0, 0, 0, 0, 0, 0, 0, 0, 1, 1]
listaRecompensa: [0, 10, -10, -10, 10, 10, 10, 10, 10, 10, -10, 10, 10, 10, -10, 10, 10, 10, 10, 10, 10, 10, 10, 10, 10, 10, 10, -10, 10, 10, 10, 10]
Medias: [(0, 0, 0), (419, 273, 0), (4171, 2781, 0), (2711, 1806, 0), (1039, 696, 0), (2547, 1694, 53), (163, 104, 0), (425, 285, 0), (231, 152, 0), (3010, 2003, 0), (1710, 1140, 49), (219, 145, 0), (185, 118, 0), (160, 101, 0), (3513, 2342, 0), (283, 188, 0), (237, 152, 0), (414, 274, 0), (439, 294, 0), (161, 106, 0), (183, 121, 0), (344, 229, 0), (316, 212, 0), (192, 127, 0), (271, 183, 0), (220, 145, 0), (180, 117, 0), (4046, 2697, 0), (196, 129, 0), (275, 184, 0), (4247, 2766, 0), (3722, 2482, 30)]
Episode:  8 / 20 Score:  31 epsilon:  0.009756714760036816 ação:  1 TempoEpisodio: 2023.1632480621338 Reward: 10
listaacao: [0, 0, 0, 0, 0, 0, 0, 0, 0, 0, 0, 0, 1, 1, 0, 1, 0, 0, 1, 0, 0, 0, 1, 0, 0, 0, 1, 0, 0, 0, 1, 1]
listaRecompensa: [0, 10, 10, 10, 10, 10, 10, 10, 10, -10, 10, 10, 10, 10, -10, 10, 10, -10, 10, 10, 10, 10, 10, 10, -10, 10, 10, 10, 10, 10, 10, 10]
Medias: [(0, 0, 0), (196, 128, 0), (289, 193, 0), (181, 118, 0), (246, 163, 0), (182, 121, 0), (245, 164, 0), (235, 155, 0), (256, 172, 0), (3012, 2005, 0), (576, 386, 0), (182, 116, 0), (4309, 2873, 0), (4664, 3109, 53), (431, 289, 1), (3485, 2324, 29), (203, 134, 0), (439, 294, 5), (4389, 2927, 0), (772, 515, 0), (345, 226, 0), (630, 419, 0), (5028, 3352, 0), (233, 154, 0), (243, 162, 4), (191, 120, 0), (4350, 2900, 0), (324, 217, 0), (158, 101, 0), (432, 285, 0), (3476, 2316, 0), (769, 509, 41)]
Episode:  9 / 20 Score:  31 epsilon:  0.009756714760036816 ação:  0 TempoEpisodio: 2024.5464210510254 Reward: 10
listaacao: [0, 1, 0, 0, 0, 0, 0, 0, 1, 0, 0, 0, 1, 0, 0, 0, 1, 0, 0, 0, 0, 0, 0, 0, 0, 0, 0, 1, 0, 1, 1, 0]
listaRecompensa: [0, 10, 10, -10, -10, 10, 10, 10, 10, 10, 10, 10, 10, 10, 10, 10, 10, 10, 10, 10, 10, -10, 10, 10, 10, 10, 10, 10, 10, 10, 10, 10]
Medias: [(0, 0, 0), (2802, 1868, 57), (233, 152, 0), (2301, 1533, 0), (1772, 1182, 0), (212, 138, 0), (226, 154, 0), (223, 149, 0), (3726, 2486, 0), (164, 100, 0), (231, 153, 0), (272, 181, 0), (3975, 2650, 0), (150, 99, 0), (362, 240, 0), (236, 152, 0), (4767, 3176, 0), (192, 123, 0), (274, 182, 0), (178, 119, 0), (221, 147, 0), (4810, 3206, 0), (206, 134, 0), (288, 191, 0), (337, 224, 0), (245, 161, 0), (798, 530, 0), (2718, 1813, 0), (244, 163, 0), (1831, 1220, 1), (2395, 1595, 18), (189, 127, 0)]
Episode:  10 / 20 Score:  31 epsilon:  0.009756714760036816 ação:  0 TempoEpisodio: 2023.8343615531921 Reward: 10
listaacao: [0, 0, 1, 0, 0, 1, 1, 0, 0, 0, 1, 0, 1, 0, 0, 0, 0, 0, 0, 0, 1, 0, 0, 0, 0, 0, 0, 0, 0, 0, 0, 0]
listaRecompensa: [0, 10, 10, -10, -10, 10, -10, 10, 10, 10, 10, 10, 10, 10, 10, 10, 10, 10, 10, 10, 10, 10, -10, 10, 10, -10, 10, 10, 10, 10, 10, 10]
Medias: [(0, 0, 0), (224, 150, 0), (3015, 2010, 0), (1230, 823, 38), (279, 185, 30), (4349, 2900, 0), (267, 176, 0), (267, 178, 0), (209, 137, 0), (195, 129, 0), (4247, 2831, 0), (210, 135, 0), (4894, 3263, 51), (379, 253, 0), (179, 116, 0), (257, 172, 0), (306, 203, 0), (408, 271, 0), (246, 165, 0), (186, 121, 0), (4598, 3065, 0), (300, 198, 0), (174, 114, 1), (162, 108, 0), (826, 549, 0), (2831, 1888, 0), (355, 238, 0), (168, 115, 0), (170, 112, 0), (200, 128, 0), (214, 143, 0), (236, 155, 0)]
Episode:  11 / 20 Score:  31 epsilon:  0.009756714760036816 ação:  0 TempoEpisodio: 2023.2757546901703 Reward: -10
listaacao: [1, 0, 1, 0, 0, 0, 0, 0, 0, 1, 1, 0, 0, 1, 1, 0, 0, 1, 1, 0, 1, 0, 0, 0, 0, 0, 1, 1, 0, 1, 0, 0]
listaRecompensa: [0, 10, 10, 10, 10, 10, 10, 10, 10, -10, -10, 10, 10, 10, 10, 10, 10, 10, 10, -10, 10, 10, 10, 10, 10, -10, 10, 10, 10, 10, -10, -10]
Medias: [(0, 0, 0), (723, 482, 0), (4532, 3021, 0), (299, 196, 0), (192, 125, 0), (611, 408, 0), (197, 127, 0), (194, 127, 0), (300, 196, 0), (163, 104, 0), (183, 120, 0), (285, 188, 0), (177, 117, 0), (3612, 2407, 0), (5373, 3583, 20), (154, 99, 0), (174, 111, 0), (3297, 2198, 0), (3798, 2533, 47), (209, 138, 1), (3242, 2161, 0), (236, 156, 0), (170, 108, 0), (318, 216, 0), (224, 149, 0), (2463, 1639, 0), (4336, 2890, 0), (2033, 1357, 33), (298, 199, 0), (3306, 2204, 0), (4646, 3098, 56), (946, 629, 26)]
Episode:  12 / 20 Score:  31 epsilon:  0.009756714760036816 ação:  1 TempoEpisodio: 2024.8400738239288 Reward: -10
listaacao: [1, 1, 0, 0, 0, 1, 0, 0, 0, 1, 0, 0, 0, 0, 0, 1, 0, 0, 0, 1, 1, 1, 1, 0, 0, 1, 0, 0, 0, 1, 1, 1]
listaRecompensa: [0, 10, 10, 10, 10, 10, 10, 10, -10, 10, 10, 10, 10, 10, 10, 10, 10, 10, 10, 10, 10, 10, 10, -10, -10, 10, -10, -10, 10, 10, 10, -10]
Medias: [(0, 0, 0), (3863, 2573, 45), (220, 145, 0), (297, 197, 0), (362, 242, 0), (4847, 3231, 0), (302, 200, 0), (711, 477, 0), (3617, 2412, 0), (5000, 3332, 0), (114, 72, 0), (463, 307, 0), (296, 196, 0), (167, 110, 0), (264, 178, 0), (4940, 3294, 0), (254, 169, 0), (351, 233, 0), (985, 657, 0), (3224, 2045, 0), (1655, 1103, 44), (2536, 1690, 49), (2012, 1344, 53), (1889, 1258, 42), (345, 229, 4), (3025, 2019, 0), (3942, 2628, 33), (895, 594, 36), (333, 225, 0), (4570, 3047, 0), (3351, 2233, 38), (164, 109, 0)]
Episode:  13 / 20 Score:  31 epsilon:  0.009756714760036816 ação:  1 TempoEpisodio: 2022.9660568237305 Reward: 10
listaacao: [1, 0, 0, 0, 0, 1, 0, 0, 0, 0, 0, 1, 0, 1, 0, 0, 0, 0, 0, 0, 1, 0, 0, 0, 0, 1, 0, 0, 0, 0, 0, 1]
listaRecompensa: [0, 10, 10, 10, 10, 10, 10, 10, 10, 10, 10, 10, 10, 10, 10, -10, 10, 10, 10, 10, 10, -10, -10, 10, 10, 10, -10, 10, 10, 10, 10, 10]
Medias: [(0, 0, 0), (283, 191, 0), (234, 157, 0), (244, 162, 0), (333, 222, 0), (4503, 3003, 0), (198, 131, 0), (288, 191, 0), (180, 114, 0), (195, 125, 0), (195, 127, 0), (4347, 2896, 0), (246, 163, 0), (5719, 3812, 56), (259, 171, 0), (3154, 2104, 20), (206, 140, 0), (219, 146, 0), (178, 116, 0), (623, 416, 0), (2662, 1774, 0), (1569, 1046, 47), (236, 158, 3), (184, 118, 0), (179, 116, 0), (3095, 2063, 0), (917, 609, 3), (240, 157, 0), (174, 116, 0), (211, 140, 0), (178, 116, 0), (4632, 3089, 0)]
Episode:  14 / 20 Score:  31 epsilon:  0.009756714760036816 ação:  1 TempoEpisodio: 2024.4338610172272 Reward: 10
listaacao: [1, 1, 0, 0, 1, 1, 1, 1, 1, 0, 0, 0, 1, 0, 0, 0, 1, 1, 0, 1, 0, 1, 0, 0, 0, 0, 0, 1, 0, 0, 0, 1]
listaRecompensa: [0, 10, -10, 10, 10, 10, 10, 10, 10, 10, 10, 10, 10, 10, 10, 10, 10, 10, -10, 10, -10, 10, -10, 10, 10, 10, 10, 10, 10, -10, 10, 10]
Medias: [(0, 0, 0), (4695, 3130, 56), (4287, 2859, 41), (225, 149, 0), (4777, 3185, 0), (3977, 2651, 41), (5328, 3553, 49), (5116, 3412, 52), (4578, 3051, 53), (193, 128, 0), (603, 401, 0), (254, 167, 0), (3967, 2644, 0), (344, 229, 0), (160, 104, 0), (219, 149, 0), (1821, 1211, 0), (4357, 2905, 53), (2226, 1482, 43), (3069, 2046, 0), (1382, 921, 23), (3215, 2144, 0), (4551, 3035, 48), (192, 123, 0), (154, 98, 0), (178, 121, 0), (339, 225, 0), (4548, 3032, 0), (244, 162, 0), (346, 231, 1), (252, 169, 0), (3887, 2590, 0)]
Episode:  15 / 20 Score:  31 epsilon:  0.009756714760036816 ação:  0 TempoEpisodio: 2023.3992507457733 Reward: 10
listaacao: [0, 0, 1, 0, 0, 0, 0, 0, 1, 1, 0, 0, 0, 0, 0, 1, 1, 0, 1, 0, 0, 0, 1, 0, 1, 0, 0, 0, 0, 0, 0, 0]
listaRecompensa: [0, 10, 10, 10, -10, 10, 10, 10, 10, 10, 10, -10, 10, 10, 10, 10, 10, 10, 10, -10, 10, 10, 10, 10, 10, 10, 10, 10, -10, 10, 10, 10]
Medias: [(0, 0, 0), (183, 122, 0), (4463, 2976, 0), (159, 105, 0), (5494, 3662, 57), (367, 245, 0), (231, 155, 0), (501, 330, 0), (4887, 3259, 0), (3735, 2489, 21), (219, 145, 0), (334, 223, 1), (172, 113, 0), (171, 112, 0), (333, 223, 0), (1881, 1255, 0), (1566, 1040, 41), (205, 137, 0), (2558, 1704, 1), (1424, 946, 30), (280, 188, 0), (228, 149, 0), (4505, 3002, 0), (166, 110, 0), (4105, 2583, 54), (318, 215, 0), (164, 109, 0), (334, 221, 0), (3124, 2083, 0), (221, 145, 0), (169, 110, 0), (290, 192, 0)]
Episode:  16 / 20 Score:  31 epsilon:  0.009756714760036816 ação:  0 TempoEpisodio: 2023.6817224025726 Reward: 10
listaacao: [0, 0, 0, 1, 1, 1, 0, 1, 1, 0, 0, 1, 1, 0, 0, 0, 0, 0, 1, 0, 1, 0, 0, 0, 0, 0, 0, 1, 0, 0, 0, 0]
listaRecompensa: [0, 10, 10, 10, 10, 10, 10, 10, 10, 10, 10, 10, 10, -10, 10, -10, 10, 10, 10, 10, 10, 10, -10, 10, 10, 10, 10, 10, 10, -10, 10, 10]
Medias: [(0, 0, 0), (197, 129, 0), (195, 129, 0), (4841, 3227, 0), (4846, 3230, 26), (5165, 3445, 53), (238, 159, 0), (2951, 1967, 27), (3459, 2305, 20), (208, 135, 0), (197, 131, 0), (1729, 1155, 0), (4677, 3117, 49), (591, 384, 27), (233, 151, 0), (2492, 1660, 0), (878, 583, 0), (252, 168, 0), (3690, 2461, 0), (428, 285, 0), (4750, 3168, 53), (168, 103, 0), (517, 340, 23), (214, 142, 0), (204, 135, 0), (252, 165, 0), (299, 198, 0), (4521, 3013, 0), (171, 114, 0), (186, 122, 1), (164, 106, 0), (186, 119, 0)]
Episode:  17 / 20 Score:  31 epsilon:  0.009756714760036816 ação:  1 TempoEpisodio: 2022.4706988334656 Reward: 10
listaacao: [0, 0, 1, 0, 0, 0, 0, 0, 0, 0, 0, 0, 0, 0, 0, 0, 0, 0, 1, 0, 0, 0, 0, 1, 0, 0, 0, 0, 0, 0, 1, 1]
listaRecompensa: [0, 10, 10, 10, 10, 10, -10, 10, 10, 10, 10, 10, 10, 10, 10, 10, 10, 10, 10, 10, 10, 10, 10, 10, 10, 10, 10, 10, 10, 10, -10, 10]
Medias: [(0, 0, 0), (166, 106, 0), (4560, 3038, 0), (187, 124, 0), (197, 131, 0), (607, 401, 0), (3286, 2190, 0), (228, 147, 0), (230, 150, 0), (219, 146, 0), (298, 197, 0), (381, 254, 0), (268, 177, 0), (176, 110, 0), (223, 147, 0), (153, 102, 0), (335, 221, 0), (475, 315, 0), (4275, 2850, 0), (228, 149, 0), (295, 195, 0), (203, 134, 0), (234, 154, 0), (5202, 3468, 0), (230, 154, 0), (448, 299, 0), (185, 120, 0), (319, 213, 0), (286, 193, 0), (305, 200, 0), (333, 220, 0), (3810, 2540, 49)]
Episode:  18 / 20 Score:  31 epsilon:  0.009756714760036816 ação:  0 TempoEpisodio: 2025.8709161281586 Reward: -10
listaacao: [1, 0, 0, 1, 1, 1, 1, 0, 0, 0, 0, 0, 0, 0, 1, 0, 0, 0, 0, 1, 1, 0, 0, 0, 1, 0, 1, 0, 0, 0, 1, 0]
listaRecompensa: [0, -10, 10, 10, 10, 10, 10, 10, 10, 10, 10, 10, 10, 10, 10, 10, 10, 10, 10, 10, 10, 10, 10, 10, 10, 10, 10, -10, -10, 10, 10, -10]
Medias: [(0, 0, 0), (194, 128, 4), (211, 142, 0), (4369, 2913, 0), (3704, 2468, 37), (1057, 699, 51), (2106, 1402, 41), (202, 134, 0), (296, 196, 0), (243, 161, 0), (291, 191, 0), (718, 477, 0), (187, 128, 0), (159, 103, 0), (3956, 2636, 0), (459, 308, 0), (285, 187, 0), (233, 159, 0), (239, 159, 0), (4136, 2758, 0), (3648, 2433, 27), (233, 153, 0), (171, 110, 0), (446, 295, 0), (4230, 2820, 0), (195, 129, 0), (5649, 3767, 55), (3726, 2484, 40), (360, 239, 9), (246, 163, 0), (4364, 2909, 0), (656, 437, 54)]
Episode:  19 / 20 Score:  31 epsilon:  0.009756714760036816 ação:  1 TempoEpisodio: 2022.0128304958344 Reward: 10
listaacao: [1, 0, 1, 1, 0, 0, 0, 0, 0, 0, 0, 0, 0, 0, 0, 0, 0, 0, 1, 0, 0, 0, 0, 1, 0, 0, 0, 0, 0, 0, 0, 1]
listaRecompensa: [0, -10, 10, 10, -10, -10, 10, 10, 10, 10, 10, 10, 10, 10, 10, 10, 10, 10, 10, -10, 10, 10, 10, 10, 10, 10, 10, 10, 10, 10, 10, 10]
Medias: [(0, 0, 0), (239, 159, 1), (1876, 1252, 0), (2742, 1828, 50), (393, 261, 6), (281, 185, 1), (178, 118, 0), (235, 156, 0), (193, 132, 0), (308, 205, 0), (210, 136, 0), (225, 149, 0), (201, 126, 0), (275, 184, 0), (172, 115, 0), (184, 120, 0), (193, 127, 0), (162, 104, 0), (5088, 3392, 0), (273, 178, 2), (208, 137, 0), (178, 118, 0), (178, 116, 0), (3757, 2503, 0), (153, 101, 0), (167, 112, 0), (158, 102, 0), (248, 161, 0), (225, 150, 0), (329, 213, 0), (162, 104, 0), (1723, 1144, 0)]
