Episode:  0 / 20 Score:  63 epsilon:  0.377307550792257 ação:  0 TempoEpisodio: 4040.427770137787 Reward: -10
listaacao: [0, 1, 1, 0, 1, 1, 0, 1, 1, 1, 1, 0, 0, 0, 0, 0, 0, 1, 0, 1, 0, 0, 1, 0, 1, 1, 1, 0, 1, 0, 1, 1, 0, 1, 1, 0, 0, 0, 1, 0, 0, 0, 0, 1, 1, 0, 1, 1, 1, 0, 1, 0, 0, 0, 1, 0, 0, 1, 0, 0, 1, 0, 0, 0]
listaRecompensa: [0, 10, -10, -10, -10, -10, -10, 10, 10, 10, -10, 10, -10, 10, -10, -10, 10, 10, -10, 10, -10, -10, -10, -10, -10, 10, 10, 10, 10, 10, -10, -10, 10, 10, 10, -10, -10, -10, 10, 10, 10, -10, -10, 10, -10, 10, 10, 10, -10, -10, 10, -10, -10, 10, -10, 10, -10, -10, 10, 10, -10, 10, 10, -10]
Medias: [(0, 0, 0), (2067, 1379, 0), (157, 101, 0), (225, 147, 6), (405, 270, 0), (373, 251, 0), (342, 228, 1), (377, 252, 1), (196, 132, 1), (550, 366, 9), (149, 96, 0), (259, 172, 0), (214, 139, 1), (653, 434, 0), (3798, 2533, 0), (2873, 1915, 0), (203, 134, 0), (1139, 758, 0), (3982, 2655, 38), (4324, 2883, 39), (642, 425, 57), (4039, 2692, 54), (310, 207, 0), (359, 240, 5), (311, 210, 0), (929, 615, 55), (4170, 2780, 52), (300, 200, 0), (3876, 2583, 36), (192, 128, 0), (400, 264, 0), (307, 204, 0), (216, 142, 0), (173, 110, 1), (618, 410, 55), (3038, 2024, 57), (1274, 847, 0), (2256, 1502, 0), (3339, 2225, 0), (569, 373, 0), (239, 161, 0), (3809, 2541, 0), (5418, 3614, 0), (4604, 3069, 0), (168, 110, 0), (438, 297, 0), (4525, 3016, 58), (4960, 3307, 50), (285, 190, 0), (808, 536, 52), (4611, 3072, 44), (3617, 2412, 24), (1507, 1005, 44), (294, 198, 0), (323, 215, 0), (240, 158, 0), (4908, 3272, 37), (267, 176, 0), (184, 117, 0), (289, 189, 0), (327, 218, 0), (246, 167, 0), (211, 139, 0), (3164, 2109, 0)]
Episode:  1 / 20 Score:  63 epsilon:  0.053713875667199505 ação:  0 TempoEpisodio: 4188.336615085602 Reward: 10
listaacao: [0, 0, 1, 0, 0, 1, 1, 1, 0, 0, 1, 0, 1, 0, 1, 1, 1, 0, 1, 0, 1, 1, 1, 1, 1, 1, 0, 1, 0, 1, 1, 1, 1, 0, 1, 1, 1, 1, 0, 1, 1, 0, 1, 0, 0, 1, 0, 0, 0, 1, 1, 0, 1, 1, 1, 1, 1, 1, 0, 1, 1, 1, 0, 0]
listaRecompensa: [0, -10, -10, 10, 10, 10, -10, -10, 10, 10, -10, -10, 10, 10, -10, 10, 10, -10, -10, 10, 10, 10, 10, -10, -10, -10, -10, 10, -10, 10, -10, -10, -10, 10, -10, 10, 10, -10, 10, 10, -10, 10, -10, 10, 10, -10, 10, 10, 10, 10, -10, -10, -10, -10, 10, -10, 10, 10, -10, 10, 10, 10, 10, 10]
Medias: [(0, 0, 0), (2525, 1684, 0), (221, 144, 0), (203, 135, 0), (159, 102, 0), (4803, 3203, 0), (193, 129, 0), (314, 210, 0), (175, 117, 0), (168, 106, 0), (353, 236, 0), (4456, 2970, 30), (4089, 2727, 55), (175, 114, 0), (951, 635, 0), (4925, 3284, 49), (1757, 1168, 49), (1757, 1168, 49), (253, 166, 0), (192, 125, 0), (4612, 3076, 41), (4636, 3092, 50), (251, 164, 2), (199, 130, 0), (267, 177, 0), (476, 313, 0), (4696, 3132, 46), (625, 415, 3), (3985, 2656, 25), (2427, 1618, 51), (491, 329, 0), (307, 206, 0), (194, 122, 0), (185, 120, 0), (298, 197, 0), (372, 248, 1), (251, 162, 1), (158, 99, 0), (329, 220, 0), (264, 179, 1), (512, 340, 0), (722, 481, 0), (223, 144, 0), (528, 350, 0), (234, 156, 0), (319, 213, 0), (401, 267, 0), (230, 152, 0), (171, 109, 0), (4469, 2981, 0), (195, 128, 0), (4364, 2908, 42), (295, 198, 0), (173, 115, 0), (483, 324, 5), (192, 123, 0), (796, 519, 54), (4603, 3069, 44), (4146, 2745, 53), (1959, 1308, 55), (330, 220, 1), (4108, 2735, 52), (219, 145, 0), (174, 111, 0)]
Episode:  2 / 20 Score:  63 epsilon:  0.009756714760036816 ação:  0 TempoEpisodio: 4188.385587453842 Reward: -10
listaacao: [1, 1, 0, 1, 1, 1, 1, 1, 0, 1, 0, 0, 1, 1, 1, 1, 1, 0, 1, 0, 1, 1, 1, 0, 1, 1, 0, 1, 0, 0, 1, 0, 1, 1, 1, 1, 0, 0, 0, 0, 0, 0, 0, 0, 1, 0, 0, 0, 1, 0, 0, 0, 0, 0, 0, 1, 0, 1, 0, 0, 0, 0, 0, 0]
listaRecompensa: [0, 10, 10, 10, 10, -10, 10, -10, -10, -10, -10, -10, -10, -10, -10, -10, -10, 10, 10, 10, -10, 10, 10, -10, 10, 10, 10, -10, 10, 10, 10, 10, 10, -10, 10, 10, -10, 10, 10, 10, 10, 10, 10, 10, -10, 10, 10, 10, -10, 10, 10, 10, 10, 10, 10, 10, 10, 10, 10, 10, 10, 10, 10, -10]
Medias: [(0, 0, 0), (4407, 2939, 14), (170, 114, 0), (5278, 3517, 28), (4652, 3101, 40), (379, 252, 0), (3473, 2316, 47), (376, 252, 0), (282, 188, 8), (277, 183, 0), (3238, 2155, 53), (562, 373, 39), (233, 154, 0), (298, 196, 0), (206, 136, 0), (194, 129, 0), (251, 169, 0), (158, 100, 0), (4022, 2681, 57), (165, 109, 0), (249, 167, 0), (1673, 1115, 53), (2139, 1426, 45), (2436, 1621, 43), (1568, 1048, 39), (3708, 2471, 38), (214, 140, 0), (223, 147, 0), (178, 118, 0), (167, 112, 0), (4346, 2899, 0), (341, 225, 0), (4915, 3277, 52), (387, 260, 0), (378, 248, 51), (3516, 2346, 44), (174, 117, 1), (198, 130, 0), (239, 158, 0), (288, 191, 0), (360, 240, 0), (169, 110, 0), (168, 111, 0), (163, 107, 0), (219, 145, 0), (253, 165, 0), (174, 112, 0), (166, 109, 0), (288, 191, 0), (227, 146, 0), (798, 531, 0), (221, 142, 0), (225, 148, 0), (328, 215, 0), (339, 226, 0), (4969, 3312, 0), (163, 111, 0), (4569, 3046, 52), (189, 127, 0), (318, 213, 0), (456, 304, 0), (215, 139, 0), (182, 118, 0), (4384, 2921, 0)]
Episode:  3 / 20 Score:  63 epsilon:  0.009756714760036816 ação:  1 TempoEpisodio: 4192.139799833298 Reward: 10
listaacao: [1, 1, 1, 1, 0, 0, 1, 1, 1, 0, 0, 1, 0, 1, 1, 1, 1, 1, 0, 0, 1, 1, 1, 0, 1, 0, 1, 1, 1, 0, 1, 0, 1, 0, 1, 1, 0, 1, 0, 1, 0, 0, 1, 1, 0, 1, 0, 0, 0, 0, 1, 1, 1, 0, 0, 1, 1, 1, 1, 0, 1, 1, 0, 1]
listaRecompensa: [0, 10, 10, 10, 10, 10, 10, 10, 10, -10, 10, -10, 10, 10, 10, -10, 10, 10, -10, 10, -10, -10, 10, 10, 10, 10, 10, -10, -10, -10, 10, -10, -10, 10, -10, -10, 10, -10, -10, -10, 10, -10, -10, 10, 10, -10, 10, 10, 10, 10, -10, -10, 10, 10, -10, 10, 10, 10, 10, 10, -10, 10, -10, 10]
Medias: [(0,0,0),(1846,1232 20), (2553, 1700, 56), (1392, 926, 34), (203, 134, 0), (247, 162, 0), (5054, 3368, 0), (4185, 2789, 41), (1832, 1093, 42), (335, 223, 2), (167, 106, 0), (451, 299, 0), (208, 135, 0), (2461, 1641, 2), (2954, 1969, 42), (229, 152, 0), (2848, 1900, 47), (4412, 2942, 50), (831, 552, 51), (571, 380, 0), (297, 197, 0), (184, 123, 0), (4759, 3171, 54), (197, 130, 0), (4508, 3004, 45), (168, 112, 0), (3589, 2395, 19), (249, 165, 0), (228, 148, 0), (190, 125, 1), (2728, 1819, 4), (1272, 849, 42), (211, 142, 0), (155, 99, 0), (172, 112, 0), (263, 174, 0), (233, 156, 0), (200, 129, 0), (198, 127, 2), (193, 128, 0), (175, 111, 0), (3988, 2658, 57), (611, 402, 0), (3403, 2268, 14), (198, 132, 0), (309, 204, 0), (188, 124, 0), (275, 178, 0), (293, 193, 0), (223, 147, 0), (163, 106, 0), (238, 163, 0), (387, 256, 11), (163, 105, 0), (241, 161, 13), (3336, 2225, 0), (3914, 2608, 39), (2101, 1400, 54), (2567, 1712, 47), (265, 174, 0), (351, 234, 0), (3754, 2502, 22), (515, 342, 3), (4008, 2671, 61)]
Episode:  4 / 20 Score:  63 epsilon:  0.009756714760036816 ação:  0 TempoEpisodio: 4194.107812166214 Reward: 10
listaacao: [0, 1, 1, 0, 1, 0, 1, 0, 1, 1, 0, 1, 1, 1, 1, 0, 1, 0, 0, 0, 1, 1, 1, 1, 0, 0, 0, 1, 0, 1, 1, 0, 0, 0, 1, 0, 1, 1, 1, 1, 0, 1, 0, 0, 0, 1, 0, 0, 1, 0, 1, 0, 1, 1, 0, 1, 0, 0, 1, 0, 1, 1, 0, 0]
listaRecompensa: [0, 10, -10, -10, -10, 10, 10, 10, 10, 10, -10, 10, -10, -10, -10, 10, 10, 10, -10, 10, -10, 10, 10, 10, -10, 10, -10, 10, 10, -10, 10, 10, 10, 10, -10, 10, 10, 10, 10, 10, 10, 10, 10, 10, 10, -10, 10, -10, 10, -10, 10, 10, 10, -10, 10, 10, 10, 10, 10, 10, 10, -10, 10, 10]
Medias: [(0, 0, 0), (3868, 2579, 43), (294, 192, 0), (270, 180, 7), (264, 177, 0), (275, 183, 0), (3633, 2421, 58), (224, 148, 0), (2360, 1575, 0), (5531, 3686, 48), (826, 551, 43), (4113, 2742, 0), (433, 290, 0), (433, 291, 0), (291, 194, 0), (189, 124, 0), (4786, 3191, 21), (188, 124, 0), (187, 123, 3), (302, 199, 0), (798, 531, 0), (2884, 1923, 37), (2589, 1726, 37), (877, 584, 39), (376, 249, 1), (217, 149, 0), (3927, 2619, 0), (4644, 3097, 0), (159, 103, 0), (217, 144, 0), (4243, 2829, 24), (192, 127, 0), (272, 179, 0), (174, 111, 0), (655, 435, 0), (274, 184, 0), (2761, 1843, 0), (1550, 1030, 42), (3630, 2421, 50), (573, 381, 32), (246, 166, 0), (5541, 3695, 54), (213, 133, 0), (505, 337, 0), (163, 108, 0), (344, 230, 0), (525, 186, 0), (186, 123, 2), (2836, 1887, 0), (752, 501, 27), (1905, 1270, 37), (321, 211, 0), (3681, 2453, 0), (336, 226, 0), (236, 158, 0), (5265, 3512, 55), (218, 137, 0), (400, 263, 0), (4287, 2858, 0), (227, 153, 0), (4985, 3324, 37), (287, 192, 0), (259, 169, 0), (164, 110, 0)]
Episode:  5 / 20 Score:  63 epsilon:  0.009756714760036816 ação:  0 TempoEpisodio: 4192.603347539902 Reward: 10
listaacao: [0, 1, 0, 1, 0, 0, 0, 0, 1, 0, 0, 1, 0, 1, 1, 0, 1, 0, 1, 0, 0, 0, 0, 0, 0, 0, 1, 0, 0, 1, 1, 1, 1, 0, 1, 0, 0, 0, 1, 1, 1, 1, 1, 1, 0, 1, 1, 0, 0, 1, 0, 0, 0, 0, 0, 1, 1, 1, 0, 0, 1, 0, 1, 0]
listaRecompensa: [0, 10, -10, -10, 10, -10, 10, 10, -10, 10, 10, 10, 10, 10, 10, -10, 10, 10, 10, 10, 10, 10, 10, 10, 10, 10, -10, 10, 10, 10, 10, 10, -10, 10, 10, 10, 10, 10, -10, 10, 10, 10, 10, 10, -10, 10, -10, -10, 10, 10, 10, 10, 10, 10, -10, 10, 10, 10, 10, -10, 10, 10, -10, 10]
Medias: [(0, 0, 0), (2232, 1487, 0), (700, 465, 13), (426, 283, 0), (304, 199, 0), (181, 118, 6), (302, 203, 0), (166, 106, 0), (414, 274, 0), (167, 110, 0), (173, 108, 0), (3874, 2581, 0), (305, 205, 0), (1735, 1155, 0), (5020, 3347, 25), (4375, 2917, 47), (4150, 2767, 42), (412, 274, 0), (309, 207, 2), (250, 167, 0), (239, 159, 0), (166, 102, 0), (169, 106, 0), (233, 157, 0), (615, 412, 0), (168, 98, 0), (235, 157, 0), (184, 118, 0), (258, 123, 0), (2802, 1869, 0), (975, 648, 42), (3508, 2339, 51), (215, 144, 0), (379, 251, 0), (4888, 3261, 41), (222, 148, 0), (202, 135, 0), (300, 203, 0), (186, 124, 0), (2808, 1871, 39), (1095, 729, 37), (3467, 2311, 48), (2552, 1699, 32), (1277, 852, 34), (235, 156, 1), (4154, 2767, 0), (252, 168, 0), (485, 322, 8), (237, 156, 0), (5050, 3367, 0), (211, 141, 0), (165, 110, 0), (297, 198, 0), (174, 112, 0), (1162, 776, 0), (4361, 2907, 0), (4103, 2734, 43), (1739, 1157, 50), (408, 272, 0), (175, 116, 39), (5236, 3491, 0), (164, 107, 0), (276, 185, 0), (232, 154, 0)]
Episode:  6 / 20 Score:  63 epsilon:  0.009756714760036816 ação:  1 TempoEpisodio: 4196.556379556656 Reward: 10
listaacao: [0, 1, 1, 0, 1, 1, 0, 1, 0, 0, 1, 1, 0, 0, 0, 1, 0, 0, 1, 1, 1, 0, 1, 1, 0, 1, 0, 0, 0, 1, 1, 1, 0, 0, 0, 1, 1, 1, 0, 0, 0, 1, 0, 0, 0, 0, 1, 0, 0, 1, 1, 1, 1, 0, 1, 0, 1, 0, 0, 1, 1, 0, 1, 1]
listaRecompensa: [0, -10, 10, -10, 10, -10, -10, 10, 10, 10, -10, 10, -10, 10, 10, 10, 10, 10, 10, 10, 10, 10, 10, 10, 10, 10, 10, 10, 10, 10, -10, 10, 10, 10, 10, 10, 10, 10, 10, 10, 10, -10, 10, 10, -10, 10, -10, 10, 10, -10, 10, 10, 10, 10, 10, 10, -10, 10, 10, 10, 10, 10, 10, 10]
Medias: [(0,0,0),(320, 217, 0), (5198, 3466, 36), (245, 164, 2), (2308, 1538, 41), (301, 202, 0), (2208, 1472, 46), (2264, 1510, 47), (223, 147, 0), (159, 107, 0), (244, 166, 0), (4224, 2818, 50), (543, 364, 2), (167, 103, 0), (240, 157, 0), (2563, 1708, 0), (257, 172, 0), (239, 161, 0), (3383, 2257, 0), (1689, 1127, 44), (2127, 1417, 33), (160, 101, 0), (3183, 2123, 0), (4885, 3256, 56), (269, 176, 0), (4457, 2972, 41), (182, 115, 0), (169, 114, 0), (216, 142, 0), (5205, 3469, 0), (317, 213, 0), (4317, 2878, 50), (413, 271, 0), (182, 118, 0), (164, 107, 0), (3062, 2043, 0), (4249, 2788, 28), (297, 194, 30), (268, 176, 0), (173, 116, 0), (340, 227, 0), (341, 227, 0), (453, 301, 0), (269, 174, 0), (4244, 2830, 0), (236, 160, 0), (246, 164, 0), (177, 117, 0), (435, 288, 0), (411, 270, 0), (3274, 2182, 45), (248, 166, 2), (5077, 3383, 51), (185, 125, 0), (301, 201, 18), (215, 139, 0), (320, 210, 0), (280, 188, 0), (225, 146, 0), (4537, 3024, 0), (3065, 2044, 32), (186, 120, 0), (2294, 1529, 0), (1717, 1144, 22)]
Episode:  7 / 20 Score:  63 epsilon:  0.009756714760036816 ação:  0 TempoEpisodio: 4191.510115623474 Reward: 10
listaacao: [1, 1, 0, 1, 1, 0, 0, 1, 1, 0, 0, 1, 1, 1, 0, 0, 0, 0, 0, 0, 1, 1, 0, 0, 1, 0, 0, 0, 1, 0, 0, 0, 0, 0, 0, 1, 1, 0, 1, 1, 0, 1, 0, 0, 0, 0, 0, 0, 0, 0, 0, 0, 1, 0, 0, 0, 1, 0, 0, 0, 0, 0, 1, 0]
listaRecompensa: [0, 10, -10, 10, 10, 10, 10, -10, 10, 10, 10, -10, 10, 10, -10, 10, 10, 10, 10, 10, 10, 10, 10, 10, 10, 10, 10, 10, -10, 10, 10, 10, 10, 10, 10, -10, 10, 10, 10, 10, 10, 10, 10, 10, 10, 10, 10, 10, 10, 10, 10, 10, 10, 10, 10, 10, 10, 10, 10, 10, 10, 10, -10, 10]
Medias: [(0, 0, 0), (4302, 2868, 43), (187, 124, 4), (5161, 3441, 56), (4594, 3063, 15), (165, 106, 0), (221, 149, 0), (180, 109, 0), (4483, 2987, 23), (205, 133, 0), (179, 120, 0), (207, 136, 0), (2817, 1879, 48), (1271, 848, 42), (193, 128, 18), (331, 220, 0), (460, 299, 0), (244, 163, 0), (216, 147, 0), (457, 301, 0), (3639, 2425, 0), (3392, 2262, 42), (167, 111, 0), (176, 118, 0), (3615, 2323, 0), (254, 169, 0), (244, 163, 0), (284, 188, 0), (251, 166, 0), (307, 207, 0), (575, 385, 0), (216, 144, 0), (159, 103, 0), (176, 113, 0), (635, 421, 0), (453, 302, 0), (4118, 2745, 43), (771, 515, 0), (4805, 3204, 52), (3136, 2087, 26), (196, 128, 0), (2846, 1897, 3), (426, 283, 0), (160, 105, 0), (185, 123, 0), (211, 138, 0), (255, 168, 0), (180, 114, 0), (253, 167, 0), (191, 127, 0), (308, 204, 0), (472, 314, 0), (2553, 1702, 0), (266, 174, 0), (273, 179, 0), (307, 201, 0), (3790, 2526, 0), (422, 277, 0), (241, 161, 0), (251, 169, 0), (167, 110, 0), (184, 122, 0), (221, 147, 0), (350, 232, 0)]
Episode:  8 / 20 Score:  63 epsilon:  0.009756714760036816 ação:  0 TempoEpisodio: 4192.928467035294 Reward: 10
listaacao: [1, 0, 1, 1, 0, 0, 1, 0, 0, 0, 0, 0, 0, 0, 0, 0, 0, 1, 1, 1, 0, 0, 1, 1, 0, 0, 0, 0, 0, 0, 0, 0, 0, 0, 0, 0, 0, 0, 0, 1, 0, 1, 0, 0, 0, 1, 0, 0, 0, 1, 0, 0, 0, 1, 0, 1, 1, 1, 1, 1, 1, 0, 0, 0]
listaRecompensa: [0, -10, -10, 10, -10, 10, 10, 10, 10, 10, 10, 10, 10, 10, 10, 10, -10, -10, 10, 10, 10, 10, 10, 10, 10, 10, 10, 10, -10, 10, 10, 10, 10, 10, 10, 10, 10, 10, 10, 10, 10, -10, 10, 10, 10, 10, -10, 10, 10, -10, 10, 10, 10, -10, 10, 10, 10, -10, -10, 10, 10, 10, -10, 10]
Medias: [(0, 0, 0), (240, 161, 1), (269, 174, 0), (687, 462, 27), (210, 137, 2), (397, 264, 0), (3359, 2239, 0), (526, 348, 0), (302, 195, 0), (256, 169, 0), (212, 142, 0), (484, 324, 0), (238, 161, 0), (164, 106, 0), (183, 122, 0), (303, 204, 0), (3196, 2130, 0), (239, 157, 0), (2038, 1356, 45), (1906, 1268, 38), (174, 114, 0), (234, 124, 0), (5288, 3526, 0), (5241, 3494, 52), (239, 158, 0), (276, 185, 0), (395, 260, 0), (219, 146, 0), (5243, 3495, 0), (764, 509, 0), (185, 118, 0), (256, 171, 0), (236, 154, 0), (212, 138, 0), (283, 186, 0), (241, 164, 0), (163, 104, 0), (180, 114, 0), (198, 131, 0), (5391, 3594, 0), (160, 105, 0), (201, 132, 0), (407, 274, 0), (234, 153, 0), (228, 150, 0), (1573, 1050, 0), (2331, 1551, 19), (289, 193, 0), (399, 268, 0), (393, 262, 0), (195, 128, 0), (365, 244, 0), (677, 451, 0), (677, 451, 0), (173, 111, 0), (4610, 3075, 47), (5622, 3748, 26), (174, 113, 0), (334, 221, 0), (1385, 919, 52), (2689, 1791, 45), (178, 116, 0), (292, 194, 6), (256, 169, 0)]
Episode:  9 / 20 Score:  63 epsilon:  0.009756714760036816 ação:  0 TempoEpisodio: 4197.066014289856 Reward: 10
listaacao: [1, 0, 0, 1, 0, 0, 0, 0, 0, 0, 0, 1, 0, 1, 1, 0, 1, 1, 0, 1, 0, 0, 0, 0, 0, 0, 0, 0, 0, 1, 0, 0, 0, 1, 0, 1, 0, 0, 0, 0, 0, 0, 0, 1, 0, 1, 0, 0, 0, 1, 1, 0, 1, 1, 0, 0, 0, 1, 0, 1, 0, 1, 0, 0]
listaRecompensa: [0, 10, 10, 10, 10, 10, 10, 10, 10, 10, 10, 10, -10, 10, 10, 10, -10, -10, -10, -10, 10, 10, 10, 10, 10, 10, 10, 10, 10, -10, -10, 10, 10, 10, 10, 10, -10, 10, 10, 10, 10, 10, 10, 10, 10, 10, 10, 10, 10, 10, 10, 10, 10, 10, 10, 10, -10, 10, 10, 10, 10, -10, 10, 10]
Medias: [(0, 0, 0), (371, 246, 0), (314, 210, 0), (4514, 3009, 0), (425, 282, 0), (219, 144, 0), (337, 225, 0), (166, 111, 0), (286, 191, 0), (231, 153, 0), (196, 129, 0), (2495, 1663, 0), (1184, 789, 20), (3554, 2368, 0), (5317, 3545, 25), (164, 103, 0), (232, 155, 0), (199, 133, 0), (480, 317, 2), (478, 319, 0), (422, 277, 0), (178, 120, 0), (214, 138, 0), (217, 146, 0), (182, 120, 0), (116, 76, 0), (378, 254, 0), (277, 183, 0), (228, 151, 0), (289, 189, 0), (255, 170, 1), (163, 107, 0), (150, 100, 0), (3290, 2194, 0), (237, 155, 0), (201, 132, 2), (242, 162, 2), (216, 142, 0), (175, 114, 0), (178, 117, 0), (218, 146, 0), (381, 252, 0), (188, 125, 0), (3721, 2481, 0), (179, 118, 0), (4590, 3059, 58), (424, 283, 0), (264, 176, 0), (289, 177, 0), (4636, 3090, 0), (3404, 2270, 47), (199, 132, 0), (2492, 1658, 0), (999, 666, 35), (175, 114, 0), (188, 123, 0), (5276, 3516, 0), (4846, 3231, 0), (269, 178, 0), (4592, 3062, 53), (179, 121, 0), (368, 246, 0), (304, 203, 0), (161, 102, 0)]
Episode:  10 / 20 Score:  63 epsilon:  0.009756714760036816 ação:  1 TempoEpisodio: 4198.50795006752 Reward: 10
listaacao: [1, 0, 1, 1, 0, 1, 0, 0, 0, 0, 0, 1, 0, 0, 0, 0, 1, 0, 0, 1, 1, 1, 0, 0, 1, 1, 0, 0, 1, 1, 0, 0, 0, 0, 0, 0, 1, 0, 0, 0, 0, 0, 1, 1, 1, 0, 0, 0, 1, 0, 1, 0, 0, 1, 0, 0, 0, 1, 1, 0, 0, 1, 0, 1]
listaRecompensa: [0, 10, -10, 10, -10, -10, -10, 10, 10, 10, 10, 10, 10, 10, 10, 10, -10, -10, -10, 10, 10, -10, 10, 10, 10, 10, 10, -10, 10, 10, 10, -10, 10, 10, 10, 10, 10, -10, -10, 10, 10, 10, 10, 10, 10, -10, 10, 10, 10, 10, 10, 10, 10, 10, 10, 10, 10, 10, 10, 10, 10, -10, 10, 10]
Medias: [(0, 0, 0), (375, 251, 0), (216, 141, 0), (3421, 2281, 44), (713, 474, 52), (239, 159, 0), (307, 207, 1), (212, 142, 0), (269, 179, 0), (167, 108, 0), (221, 147, 0), (4383, 2923, 0), (170, 110, 0), (159, 101, 0), (173, 115, 0), (214, 139, 0), (264, 173, 0), (236, 157, 1), (245, 165, 25), (3579, 2388, 0), (4100, 2734, 29), (322, 213, 0), (179, 122, 0), (191, 127, 0), (4844, 3230, 0), (4721, 3146, 45), (189, 125, 0), (206, 132, 1), (1547, 1031, 0), (2405, 1604, 28), (373, 250, 0), (207, 133, 6), (274, 184, 0), (237, 159, 0), (194, 123, 0), (214, 142, 0), (5180, 3454, 0), (578, 386, 2), (394, 263, 3), (468, 311, 0), (215, 141, 0), (277, 181, 0), (2325, 1547, 0), (2564, 1709, 26), (3253, 2169, 52), (1089, 727, 27), (178, 115, 0), (244, 164, 0), (4844, 3229, 0), (172, 111, 0), (4754, 3169, 55), (183, 122, 0), (226, 151, 0), (5171, 3255, 0), (284, 187, 0), (244, 164, 0), (181, 115, 0), (2978, 1985, 0), (1574, 1049, 28), (138, 88, 0), (216, 145, 0), (249, 165, 0), (196, 128, 0), (4573, 3049, 59)]
Episode:  11 / 20 Score:  63 epsilon:  0.009756714760036816 ação:  1 TempoEpisodio: 4202.813578605652 Reward: -10
listaacao: [1, 1, 1, 0, 1, 0, 0, 0, 0, 1, 1, 0, 1, 0, 1, 0, 0, 0, 0, 1, 1, 1, 0, 1, 1, 1, 0, 1, 0, 0, 0, 0, 0, 0, 0, 0, 0, 0, 0, 1, 0, 0, 0, 0, 0, 1, 1, 1, 1, 1, 0, 0, 1, 1, 0, 0, 0, 0, 0, 0, 0, 0, 1, 1]
listaRecompensa: [0, -10, 10, 10, 10, 10, 10, 10, 10, 10, 10, 10, 10, 10, 10, -10, 10, 10, -10, 10, 10, 10, 10, 10, 10, 10, 10, 10, 10, -10, 10, 10, 10, 10, 10, 10, 10, 10, 10, 10, 10, 10, 10, 10, 10, 10, 10, 10, 10, 10, 10, 10, 10, 10, 10, 10, 10, 10, 10, 10, 10, 10, 10, -10]
Medias: [(0, 0, 0), (229, 154, 0), (1071, 712, 0), (267, 178, 0), (3897, 2598, 59), (201, 128, 0), (405, 271, 0), (212, 146, 0), (268, 168, 0), (4478, 2985, 0), (4241, 2829, 25), (255, 169, 0), (4611, 3074, 53), (376, 247, 0), (4545, 3031, 31), (3678, 2452, 42), (233, 153, 0), (403, 268, 0), (1389, 928, 0), (2280, 1519, 0), (3126, 2084, 43), (1728, 1061, 42), (218, 143, 0), (4188, 2792, 54), (5107, 3405, 19), (4696, 3130, 52), (184, 124, 0), (4283, 2855, 38), (296, 196, 0), (296, 198, 1), (279, 187, 0), (246, 165, 0), (365, 243, 0), (185, 119, 0), (247, 166, 0), (688, 457, 0), (377, 252, 0), (489, 326, 0), (251, 171, 0), (4682, 3123, 0), (185, 116, 0), (250, 166, 0), (151, 97, 0), (315, 207, 0), (157, 99, 0), (1100, 733, 0), (3731, 2487, 38), (2005, 1337, 43), (3335, 2223, 54), (4386, 2923, 40), (177, 115, 0), (167, 107, 0), (4446, 2964, 0), (4230, 2820, 45), (461, 311, 0), (278, 182, 0), (187, 128, 0), (257, 168, 0), (339, 231, 0), (272, 182, 0), (408, 271, 0), (175, 113, 0), (3209, 2135, 0), (308, 197, 0)]
Episode:  12 / 20 Score:  63 epsilon:  0.009756714760036816 ação:  0 TempoEpisodio: 4200.363852262497 Reward: 10
listaacao: [1, 0, 0, 0, 0, 0, 0, 0, 0, 0, 1, 1, 1, 0, 0, 0, 1, 1, 0, 1, 0, 1, 1, 1, 1, 0, 0, 0, 0, 0, 1, 0, 1, 1, 0, 0, 0, 0, 0, 1, 0, 1, 0, 0, 0, 1, 0, 0, 1, 0, 0, 1, 0, 1, 0, 1, 0, 0, 0, 1, 0, 0, 0, 0]
listaRecompensa: [0, 10, 10, 10, 10, 10, 10, 10, 10, 10, 10, 10, 10, 10, 10, 10, 10, 10, 10, -10, 10, -10, -10, 10, 10, -10, -10, 10, 10, 10, 10, 10, -10, 10, 10, 10, 10, 10, 10, -10, 10, 10, 10, 10, 10, 10, 10, 10, 10, -10, 10, -10, 10, 10, 10, -10, 10, 10, 10, -10, 10, 10, 10, 10]
Medias: [(0, 0, 0), (158, 99, 0), (216, 143, 0), (317, 211, 0), (398, 264, 0), (231, 152, 0), (514, 342, 0), (208, 136, 0), (207, 138, 0), (172, 113, 0), (2072, 1381, 0), (3987, 2659, 18), (1329, 887, 51), (185, 122, 0), (275, 182, 0), (321, 213, 0), (5517, 3679, 0), (5356, 3571, 23), (307, 203, 0), (412, 278, 0), (223, 147, 0), (483, 319, 0), (281, 185, 0), (1287, 858, 14), (2302, 1535, 45), (1085, 722, 27), (314, 206, 1), (283, 186, 0), (358, 239, 0), (192, 128, 0), (5137, 3423, 0), (482, 318, 0), (303, 201, 0), (5041, 3362, 47), (260, 171, 0), (302, 198, 0), (158, 103, 0), (230, 151, 0), (191, 125, 0), (187, 125, 0), (300, 199, 0), (4781, 3187, 25), (172, 116, 0), (311, 205, 0), (173, 104, 0), (4474, 2981, 0), (202, 132, 0), (512, 337, 0), (4273, 2851, 0), (237, 158, 1), (226, 149, 0), (178, 118, 0), (513, 341, 0), (3000, 1998, 0), (555, 369, 0), (199, 132, 0), (284, 190, 0), (232, 158, 0), (246, 163, 0), (445, 300, 0), (201, 136, 0), (379, 211, 0), (181, 121, 0), (295, 195, 0)]
Episode:  13 / 20 Score:  63 epsilon:  0.009756714760036816 ação:  0 TempoEpisodio: 4206.629491329193 Reward: 10
listaacao: [1, 0, 1, 1, 1, 0, 1, 0, 0, 0, 0, 0, 1, 1, 1, 1, 0, 0, 0, 0, 0, 1, 0, 1, 0, 0, 0, 0, 1, 1, 1, 0, 0, 0, 1, 0, 0, 1, 0, 0, 0, 1, 1, 1, 0, 0, 0, 1, 0, 1, 1, 0, 0, 0, 1, 1, 1, 1, 0, 0, 0, 0, 0, 0]
listaRecompensa: [0, 10, 10, 10, 10, 10, -10, 10, 10, 10, 10, 10, 10, 10, 10, 10, 10, 10, 10, 10, 10, 10, 10, 10, 10, 10, 10, 10, 10, 10, 10, -10, 10, 10, 10, 10, 10, -10, -10, 10, 10, 10, 10, 10, -10, 10, 10, -10, 10, 10, 10, 10, 10, 10, 10, 10, 10, 10, 10, 10, 10, 10, 10, 10]
Medias: [(0, 0, 0), (161, 109, 0), (2370, 1581, 0), (1042, 692, 27), (4179, 2784, 50), (443, 293, 0), (658, 439, 0), (214, 141, 0), (232, 153, 0), (572, 384, 0), (215, 120, 0), (322, 214, 0), (4056, 2707, 0), (1440, 961, 53), (4704, 3137, 54), (1313, 875, 16), (195, 126, 0), (194, 122, 0), (174, 107, 0), (255, 169, 0), (183, 115, 0), (5116, 3411, 0), (189, 127, 0), (4051, 2701, 55), (179, 112, 0), (225, 148, 0), (186, 122, 0), (863, 576, 0), (1990, 1327, 0), (4061, 2707, 30), (4280, 2853, 44), (268, 181, 2), (178, 117, 0), (317, 209, 0), (3618, 2412, 0), (588, 391, 0), (287, 190, 0), (234, 159, 0), (281, 187, 1), (414, 271, 0), (248, 163, 0), (2347, 1562, 0), (1573, 1047, 37), (3522, 2350, 58), (476, 316, 15), (183, 118, 0), (310, 206, 0), (548, 364, 0), (210, 138, 0), (5126, 3419, 51), (4525, 3018, 37), (243, 161, 0), (358, 237, 0), (181, 120, 0), (2168, 1445, 0), (2058, 1372, 42), (3475, 2315, 46), (4296, 2865, 44), (231, 156, 0), (189, 127, 0), (236, 157, 0), (222, 148, 0), (232, 154, 0), (413, 275, 0)]
Episode:  14 / 20 Score:  63 epsilon:  0.009756714760036816 ação:  0 TempoEpisodio: 4200.384192705154 Reward: 10
listaacao: [1, 1, 1, 1, 1, 1, 1, 0, 0, 0, 0, 0, 0, 1, 0, 0, 0, 1, 1, 1, 1, 1, 0, 1, 0, 0, 0, 1, 0, 0, 0, 1, 0, 1, 1, 0, 1, 0, 0, 0, 0, 0, 0, 1, 1, 1, 0, 0, 0, 0, 1, 0, 0, 0, 1, 0, 1, 1, 1, 0, 0, 0, 0, 0]
listaRecompensa: [0, 10, 10, 10, 10, 10, 10, 10, 10, 10, 10, 10, 10, 10, 10, 10, 10, 10, 10, -10, 10, 10, 10, 10, 10, 10, 10, 10, 10, 10, 10, 10, -10, 10, 10, -10, 10, 10, 10, 10, 10, 10, 10, 10, 10, 10, -10, 10, 10, 10, -10, 10, 10, 10, 10, 10, -10, 10, -10, -10, 10, 10, 10, 10]
Medias: [(0, 0, 0), (4315, 2877, 42), (944, 630, 45), (4327, 2885, 50), (1082, 722, 16), (2532, 1687, 44), (862, 570, 47), (196, 132, 0), (368, 173, 0), (160, 103, 0), (255, 170, 0), (170, 111, 0), (178, 118, 0), (4900, 3266, 0), (181, 118, 0), (244, 160, 0), (174, 111, 0), (1592, 1060, 0), (1729, 1156, 48), (261, 173, 0), (4605, 3070, 53), (4241, 2828, 40), (496, 329, 0), (460, 307, 1), (336, 220, 0), (273, 181, 0), (403, 267, 0), (4812, 3207, 0), (233, 156, 0), (213, 142, 0), (256, 168, 0), (2499, 1664, 0), (1254, 835, 34), (298, 202, 1), (3510, 2341, 40), (439, 290, 1), (4420, 2947, 53), (219, 148, 0), (169, 114, 0), (159, 103, 0), (165, 109, 0), (176, 118, 0), (485, 324, 0), (3570, 2379, 0), (1712, 1141, 49), (4241, 2827, 37), (977, 649, 29), (232, 155, 0), (243, 159, 0), (166, 107, 0), (182, 117, 0), (267, 177, 0), (304, 202, 0), (199, 128, 0), (4502, 3000, 0), (152, 100, 0), (832, 555, 0), (2292, 1525, 47), (157, 102, 0), (382, 255, 3), (175, 117, 0), (318, 210, 0), (399, 266, 0), (161, 101, 0)]
Episode:  15 / 20 Score:  63 epsilon:  0.009756714760036816 ação:  0 TempoEpisodio: 4206.4162085056305 Reward: -10
listaacao: [0, 0, 0, 1, 1, 0, 1, 1, 1, 0, 1, 1, 1, 0, 0, 0, 1, 0, 0, 0, 0, 1, 1, 1, 0, 0, 1, 1, 0, 1, 0, 1, 1, 0, 1, 0, 0, 1, 0, 0, 0, 1, 0, 0, 0, 0, 0, 1, 1, 1, 1, 0, 1, 1, 1, 1, 0, 0, 0, 0, 0, 0, 1, 0]
listaRecompensa: [0, 10, 10, 10, 10, 10, -10, 10, 10, 10, 10, 10, -10, -10, 10, 10, 10, 10, 10, -10, 10, 10, 10, 10, -10, -10, -10, 10, -10, 10, 10, 10, 10, 10, 10, -10, 10, 10, 10, 10, 10, 10, 10, 10, 10, 10, 10, 10, 10, 10, 10, 10, 10, 10, 10, 10, 10, -10, 10, 10, 10, -10, 10, -10]
Medias: [(0,0,0),(238 154,0),(388,257,0),(4277,2851, 0), (4911, 3274, 51), (200, 137, 0), (959, 640, 0), (4031, 2688, 29), (2303, 1534, 43), (212, 139, 0), (3500, 2333, 0), (4046, 2695, 53), (313, 207, 0), (448, 300, 8), (219, 144, 0), (267, 178, 0), (3932, 2599, 0), (167, 106, 0), (200, 136, 0), (3806, 2537, 0), (328, 216, 0), (1963, 1308, 0), (1428, 953, 39), (3745, 2496, 51), (397, 267, 20), (234, 159, 1), (331, 224, 0), (4318, 2879, 41), (218, 146, 10), (382, 253, 3), (168, 107, 0), (4307, 2872, 15), (3542, 2361, 42), (235, 154, 0), (1672, 1110, 1), (1402, 933, 22), (183, 115, 0), (2704, 1801, 0), (172, 112, 0), (215, 143, 0), (233, 155, 0), (4358, 2903, 0), (180, 123, 0), (185, 115, 0), (405, 273, 0), (219, 144, 0), (224, 147, 0), (1436, 951, 0), (4283, 2855, 46), (3811, 2543, 45), (817, 540, 41), (193, 128, 0), (4789, 3194, 56), (3536, 2357, 47), (3492, 2327, 19), (4449, 2966, 25), (270, 181, 0), (320, 213, 2), (171, 112, 0), (362, 241, 0), (230, 152, 0), (2392, 1596, 0), (1809, 1208, 0), (178, 119, 5)]
Episode:  16 / 20 Score:  63 epsilon:  0.009756714760036816 ação:  1 TempoEpisodio: 4207.2108066082 Reward: 10
listaacao: [1, 0, 1, 0, 1, 1, 0, 1, 0, 0, 0, 1, 1, 0, 1, 0, 1, 0, 0, 1, 0, 0, 0, 1, 1, 0, 0, 0, 1, 0, 1, 1, 1, 1, 0, 0, 0, 0, 1, 0, 0, 0, 1, 0, 1, 0, 1, 0, 0, 0, 1, 0, 1, 1, 1, 1, 0, 0, 0, 0, 0, 0, 0, 1]
listaRecompensa: [0, 10, 10, 10, 10, 10, 10, -10, 10, 10, 10, 10, 10, 10, -10, 10, 10, 10, -10, 10, 10, 10, 10, 10, 10, -10, 10, 10, 10, 10, 10, 10, 10, 10, 10, 10, 10, -10, 10, 10, 10, 10, 10, 10, 10, 10, 10, 10, 10, 10, -10, 10, -10, 10, -10, 10, 10, 10, 10, 10, 10, 10, 10, 10]
Medias: [(0, 0, 0), (178, 120, 0), (4527, 3017, 59), (345, 231, 0), (3977, 2652, 52), (5474, 3649, 18), (531, 355, 0), (465, 308, 0), (348, 223, 0), (189, 124, 0), (388, 259, 0), (2379, 1585, 0), (1272, 846, 31), (259, 172, 0), (175, 108, 0), (249, 165, 0), (3117, 2079, 40), (177, 117, 0), (208, 139, 1), (4591, 3060, 0), (244, 160, 0), (168, 111, 0), (198, 129, 0), (1522, 1015, 0), (2190, 1462, 35), (367, 243, 1), (246, 160, 0), (168, 112, 0), (4516, 3011, 0), (215, 144, 0), (4174, 2783, 54), (4172, 2783, 54), (5008, 3340, 56), (4288, 2857, 46), (245, 164, 0), (266, 175, 0), (198, 130, 0), (2006, 1335, 0), (1871, 1245, 0), (297, 195, 0), (230, 150, 0), (324, 218, 0), (2381, 1588, 0), (394, 260, 0), (4721, 3147, 60), (404, 267, 0), (4897, 3265, 52), (338, 226, 0), (318, 211, 0), (215, 142, 0), (172, 112, 0), (216, 142, 0), (166, 111, 0), (3904, 2603, 46), (267, 174, 0), (5115, 3410, 47), (365, 242, 0), (176, 117, 0), (498, 330, 0), (249, 165, 0), (196, 129, 0), (222, 145, 0), (273, 180, 0), (1447, 964, 0)]
Episode:  17 / 20 Score:  63 epsilon:  0.009756714760036816 ação:  0 TempoEpisodio: 4206.905450105667 Reward: 10
listaacao: [1, 1, 0, 0, 0, 0, 0, 1, 0, 0, 0, 0, 0, 1, 0, 0, 0, 1, 0, 1, 0, 1, 1, 1, 0, 0, 1, 0, 1, 0, 1, 0, 0, 1, 0, 0, 0, 0, 0, 1, 0, 1, 1, 0, 0, 1, 1, 0, 0, 1, 0, 0, 0, 0, 0, 1, 0, 1, 0, 0, 0, 1, 1, 0]
listaRecompensa: [0, 10, 10, 10, 10, 10, 10, -10, 10, 10, 10, 10, -10, 10, 10, 10, 10, 10, 10, 10, 10, 10, -10, 10, 10, 10, -10, 10, -10, 10, 10, 10, -10, -10, 10, 10, 10, 10, 10, -10, -10, 10, 10, 10, 10, 10, 10, 10, 10, 10, 10, -10, 10, 10, 10, -10, 10, 10, 10, 10, 10, -10, 10, 10]
Medias: [(0, 0, 0), (1650, 1101, 39), (186, 120, 0), (381, 254, 0), (237, 157, 0), (183, 117, 0), (172, 111, 0), (279, 183, 0), (219, 147, 0), (547, 360, 0), (221, 147, 0), (370, 243, 0), (1219, 811, 0), (2810, 1870, 0), (384, 256, 0), (227, 151, 0), (338, 223, 0), (3352, 2235, 0), (265, 176, 0), (4382, 2924, 20), (315, 211, 0), (4290, 2860, 47), (199, 129, 0), (4836, 3224, 48), (260, 172, 0), (173, 114, 0), (179, 117, 0), (183, 126, 0), (316, 207, 0), (210, 139, 0), (4573, 3048, 3), (175, 115, 0), (196, 126, 1), (403, 270, 0), (435, 288, 0), (172, 117, 0), (264, 175, 0), (277, 185, 0), (201, 133, 0), (444, 295, 0), (1167, 779, 38), (3613, 2408, 2), (1119, 745, 28), (260, 172, 0), (205, 133, 0), (4316, 2878, 0), (5329, 3553, 49), (165, 107, 0), (160, 102, 0), (4107, 2738, 0), (241, 161, 0), (301, 197, 1), (307, 203, 0), (224, 144, 0), (185, 122, 0), (542, 358, 0), (216, 141, 0), (4402, 2934, 0), (185, 121, 0), (278, 187, 0), (322, 214, 0), (270, 178, 0), (5625, 3750, 55), (169, 108, 0)]
Episode:  18 / 20 Score:  63 epsilon:  0.009756714760036816 ação:  0 TempoEpisodio: 4207.394661903381 Reward: 10
listaacao: [1, 1, 0, 0, 0, 0, 1, 0, 0, 0, 0, 0, 1, 0, 0, 1, 1, 1, 0, 1, 0, 1, 0, 0, 0, 0, 1, 0, 0, 0, 0, 1, 1, 1, 0, 0, 0, 1, 0, 0, 0, 1, 1, 1, 0, 1, 1, 0, 0, 0, 1, 0, 1, 0, 0, 0, 1, 1, 1, 1, 0, 0, 0, 0]
listaRecompensa: [0, 10, 10, -10, 10, 10, -10, 10, 10, 10, 10, 10, 10, -10, 10, 10, 10, 10, 10, -10, 10, 10, 10, 10, 10, 10, 10, 10, -10, 10, 10, -10, 10, 10, 10, -10, 10, 10, 10, 10, 10, 10, 10, 10, 10, 10, 10, 10, 10, 10, 10, 10, 10, 10, 10, 10, 10, 10, 10, 10, 10, -10, 10, 10]
Medias: [(0, 0, 0), (3242, 2161, 48), (193, 126, 0), (270, 180, 1), (163, 104, 0), (168, 111, 0), (352, 233, 0), (211, 137, 0), (339, 224, 0), (185, 123, 0), (241, 161, 0), (193, 127, 0), (4517, 3010, 0), (315, 210, 9), (273, 179, 0), (2748, 1833, 0), (3297, 2198, 20), (1746, 1164, 48), (180, 115, 0), (261, 175, 0), (463, 307, 0), (4542, 3027, 38), (329, 219, 0), (206, 137, 0), (295, 197, 0), (357, 236, 0), (4912, 3275, 0), (203, 131, 0), (3815, 2541, 29), (354, 233, 0), (429, 283, 0), (533, 351, 0), (3444, 2296, 50), (3847, 2563, 51), (173, 115, 0), (164, 111, 1), (187, 125, 0), (4023, 2682, 0), (238, 158, 0), (228, 149, 0), (154, 100, 0), (4699, 3132, 0), (1196, 794, 61), (2758, 1841, 41), (221, 146, 0), (3052, 2034, 0), (3087, 2056, 37), (230, 155, 0), (388, 262, 0), (324, 217, 0), (5066, 3376, 0), (319, 214, 0), (4842, 3227, 51), (245, 165, 0), (228, 151, 0), (207, 136, 0), (2297, 1529, 0), (1829, 1214, 34), (3064, 2042, 42), (3789, 2510, 47), (372, 248, 0), (204, 133, 1), (203, 137, 0), (182, 119, 0)]
Episode:  19 / 20 Score:  63 epsilon:  0.009756714760036816 ação:  1 TempoEpisodio: 4210.76260471344 Reward: 10
listaacao: [0, 1, 0, 1, 1, 1, 1, 1, 0, 1, 1, 1, 1, 1, 0, 0, 0, 1, 1, 0, 0, 0, 0, 0, 0, 0, 0, 0, 1, 0, 0, 0, 0, 0, 1, 0, 0, 0, 0, 1, 1, 0, 0, 1, 0, 1, 0, 1, 0, 1, 0, 0, 0, 0, 0, 1, 0, 0, 1, 1, 1, 1, 0, 1]
listaRecompensa: [0, 10, 10, 10, 10, 10, 10, 10, 10, 10, 10, 10, 10, 10, 10, 10, 10, 10, 10, 10, -10, 10, 10, 10, 10, 10, 10, 10, 10, -10, 10, 10, 10, 10, 10, 10, -10, 10, 10, 10, 10, 10, 10, 10, 10, 10, -10, 10, -10, 10, 10, 10, 10, 10, 10, 10, 10, 10, 10, 10, 10, 10, 10, 10]
Medias: [(0,0,0),(5404,3602,0),(166,114,0),(4539,3027,58), (1160, 774, 53), (3624, 2238, 57), (2747, 1834, 55), (1903, 1265, 49), (289, 196, 0), (4698, 3134, 53), (4624, 3083, 45), (4639, 3094, 44), (4344, 2897, 54), (4605, 3072, 44), (160, 108, 0), (233, 157, 0), (558, 373, 0), (1125, 748, 0), (3257, 2172, 47), (237, 156, 0), (484, 322, 4), (299, 199, 0), (239, 157, 0), (731, 486, 0), (205, 137, 0), (304, 200, 0), (172, 114, 0), (195, 124, 0), (4818, 3212, 0), (287, 191, 1), (214, 140, 0), (215, 142, 0), (194, 125, 0), (176, 116, 0), (3356, 2235, 0), (338, 221, 0), (282, 185, 1), (166, 107, 0), (289, 188, 0), (4742, 3163, 0), (5365, 3576, 51), (486, 325, 0), (345, 232, 0), (3852, 2570, 0), (245, 160, 0), (2196, 1462, 0), (4875, 3250, 28), (4747, 3165, 27), (259, 171, 1), (4244, 2829, 40), (319, 214, 0), (189, 125, 0), (334, 225, 0), (238, 156, 0), (486, 323, 0), (5368, 3578, 0), (499, 331, 0), (180, 117, 0), (1699, 1125, 0), (4175, 2783, 29), (4076, 2718, 42), (739, 490, 42), (331, 220, 0), (4328, 2885, 51)]
