Episode:  0 / 20 Score:  63 ação:  0 TempoEpisodio: 3888.688696861267 Reward: -10
listaacao: [0, 0, 0, 0, 0, 1, 1, 0, 0, 0, 1, 0, 0, 0, 1, 0, 1, 1, 1, 0, 0, 0, 0, 0, 0, 0, 0, 0, 1, 0, 0, 0, 1, 0, 0, 0, 0, 1, 0, 1, 0, 1, 0, 0, 0, 1, 0, 0, 1, 1, 1, 0, 1, 0, 0, 1, 0, 0, 1, 0, 0, 1, 0, 0]
listaRecompensa: [0, 10, 10, 10, 10, -10, -10, -10, 10, 10, -10, 10, 10, 10, 10, 10, 10, 10, 10, -10, 10, 10, 10, -10, -10, 10, -10, 10, 10, 10, -10, 10, 10, 10, 10, -10, 10, 10, -10, -10, -10, -10, 10, -10, 10, 10, 10, -10, -10, -10, -10, -10, 10, 10, 10, -10, -10, -10, -10, 10, 10, 10, 10, -10]
Medias: [(144, 94, 0), (317, 212, 0), (368, 245, 0), (161, 106, 0), (159, 105, 0), (154, 101, 0), (4294, 2863, 49), (212, 140, 0), (265, 176, 0), (189, 127, 0), (189, 126, 0), (528, 348, 0), (276, 181, 0), (4190, 2792, 0), (222, 145, 0), (5227, 3483, 53), (4328, 2886, 39), (4745, 3165, 45), (312, 207, 10), (220, 144, 0), (225, 150, 0), (152, 98, 0), (4583, 3055, 0), (5214, 3477, 0), (423, 279, 0), (4675, 3116, 0), (242, 160, 0), (4789, 3193, 0), (164, 107, 0), (4477, 2985, 52), (203, 136, 0), (4531, 3021, 0), (483, 324, 0), (177, 108, 0), (4181, 2788, 0), (259, 172, 0), (4106, 2738, 0), (4668, 3113, 31), (173, 111, 0), (4021, 2680, 43), (330, 215, 0), (171, 115, 0), (4177, 2786, 14), (182, 123, 0), (4572, 3048, 0), (235, 158, 0), (265, 174, 1), (194, 132, 0), (161, 103, 0), (680, 451, 0), (5044, 3363, 44), (5006, 3337, 56), (235, 155, 0), (425, 283, 0), (416, 277, 0), (319, 216, 2), (402, 267, 3), (224, 148, 0), (231, 151, 0), (171, 113, 0), (3693, 2461, 0), (325, 220, 0), (270, 178, 4), (4061, 2706, 0)]
Episode:  1 / 20 Score:  63 ação:  1 TempoEpisodio: 3888.8946018218994 Reward: -10
listaacao: [0, 0, 0, 1, 0, 0, 0, 1, 0, 1, 0, 0, 0, 0, 1, 1, 0, 0, 0, 1, 0, 0, 1, 0, 0, 1, 0, 0, 0, 0, 0, 0, 0, 0, 0, 0, 0, 0, 0, 0, 0, 0, 1, 0, 0, 0, 1, 0, 1, 0, 0, 1, 0, 0, 1, 1, 0, 0, 1, 0, 0, 0, 0, 1]
listaRecompensa: [0, 10, 10, -10, 10, -10, 10, -10, 10, -10, 10, 10, 10, 10, -10, -10, -10, -10, -10, -10, 10, -10, 10, 10, -10, 10, -10, -10, -10, 10, 10, 10, 10, 10, 10, 10, 10, 10, 10, 10, 10, -10, 10, 10, 10, -10, 10, -10, -10, -10, -10, -10, 10, 10, -10, 10, -10, 10, -10, 10, -10, 10, 10, -10]
Medias: [(656, 436, 0), (216, 142, 0), (187, 124, 0), (294, 197, 0), (3598, 2399, 0), (868, 578, 0), (303, 203, 0), (173, 109, 0), (174, 116, 0), (459, 305, 0), (278, 181, 0), (260, 173, 0), (267, 176, 0), (300, 198, 0), (240, 160, 0), (3395, 2264, 56), (3807, 2536, 56), (1711, 1139, 0), (234, 154, 0), (394, 260, 0), (2783, 1856, 0), (1970, 1309, 0), (312, 206, 0), (2903, 1933, 0), (2099, 1396, 0), (181, 118, 2), (2740, 1827, 0), (1891, 1260, 0), (194, 127, 0), (323, 213, 0), (283, 185, 0), (365, 241, 0), (308, 204, 0), (169, 108, 0), (175, 115, 0), (232, 151, 0), (295, 195, 0), (211, 137, 0), (165, 108, 0), (219, 145, 0), (1484, 987, 0), (2974, 1982, 0), (203, 134, 0), (182, 121, 0), (1245, 829, 0), (4216, 2811, 0), (3159, 2103, 23), (159, 104, 0), (1166, 774, 53), (3676, 2451, 52), (328, 216, 0), (207, 136, 0), (292, 194, 0), (506, 334, 0), (521, 348, 7), (176, 116, 1), (289, 193, 0), (245, 164, 0), (264, 172, 0), (3707, 2470, 57), (209, 137, 0), (165, 107, 0), (271, 176, 0), (247, 163, 0)]
Episode:  2 / 20 Score:  63 ação:  0 TempoEpisodio: 3889.1582968235016 Reward: 10
listaacao: [0, 0, 1, 0, 0, 0, 0, 0, 1, 0, 0, 0, 0, 0, 1, 0, 0, 1, 0, 1, 0, 1, 0, 0, 0, 0, 0, 0, 0, 1, 0, 1, 0, 1, 0, 0, 0, 0, 0, 0, 0, 0, 0, 0, 0, 0, 0, 0, 0, 0, 0, 0, 0, 1, 0, 0, 0, 1, 0, 1, 0, 0, 0, 0]
listaRecompensa: [0, 10, -10, -10, 10, 10, -10, 10, -10, 10, 10, 10, 10, -10, -10, 10, -10, -10, -10, 10, 10, 10, 10, -10, 10, 10, -10, 10, 10, -10, 10, 10, -10, -10, -10, 10, 10, 10, 10, -10, 10, 10, 10, -10, 10, 10, 10, 10, 10, -10, -10, -10, 10, -10, 10, 10, 10, -10, 10, 10, -10, 10, 10, 10]
Medias: [(167, 110, 0), (169, 112, 0), (3925, 2616, 36), (297, 198, 0), (271, 182, 0), (5033, 3356, 0), (264, 174, 0), (198, 132, 0), (182, 120, 0), (322, 215, 0), (222, 142, 0), (310, 210, 0), (4709, 3141, 0), (300, 200, 0), (183, 122, 0), (309, 206, 3), (287, 192, 0), (5158, 3437, 25), (251, 171, 1), (179, 117, 0), (704, 469, 2), (278, 186, 0), (320, 209, 1), (156, 100, 0), (157, 100, 0), (4476, 2984, 0), (164, 104, 0), (246, 159, 0), (222, 143, 0), (201, 135, 0), (4055, 2704, 51), (5019, 3348, 54), (244, 163, 0), (247, 165, 3), (166, 105, 0), (162, 108, 0), (205, 133, 0), (191, 126, 0), (5011, 3341, 0), (255, 166, 0), (185, 123, 0), (195, 130, 0), (5022, 3348, 0), (205, 131, 0), (157, 101, 0), (804, 533, 0), (167, 111, 0), (363, 239, 0), (4426, 2951, 0), (4340, 2893, 0), (4818, 3212, 0), (261, 173, 0), (361, 238, 0), (186, 124, 0), (176, 116, 0), (376, 250, 0), (230, 150, 0), (169, 110, 0), (335, 221, 1), (5064, 3376, 49), (212, 142, 0), (180, 116, 0), (171, 109, 0), (4067, 2712, 0)]
Episode:  3 / 20 Score:  63 ação:  1 TempoEpisodio: 3889.2650904655457 Reward: 10
listaacao: [0, 0, 0, 0, 0, 0, 0, 1, 1, 1, 1, 1, 1, 1, 1, 0, 1, 0, 0, 0, 0, 1, 1, 0, 1, 1, 0, 0, 0, 0, 0, 1, 0, 1, 0, 0, 0, 0, 0, 0, 0, 1, 1, 0, 0, 1, 1, 1, 0, 1, 0, 1, 0, 1, 1, 1, 0, 1, 0, 1, 0, 1, 1, 1]
listaRecompensa: [0, 10, 10, -10, 10, 10, 10, -10, -10, -10, -10, -10, -10, 10, -10, 10, 10, 10, 10, 10, 10, -10, -10, -10, 10, -10, 10, 10, 10, 10, -10, -10, -10, 10, 10, -10, 10, 10, 10, 10, 10, -10, -10, 10, 10, -10, 10, 10, -10, 10, 10, -10, 10, -10, -10, -10, 10, 10, 10, 10, -10, 10, 10, 10]
Medias: [(201, 133, 0), (165, 103, 0), (4722, 3147, 0), (315, 210, 0), (344, 228, 0), (465, 311, 0), (200, 132, 0), (762, 509, 0), (260, 176, 0), (318, 211, 0), (243, 160, 0), (292, 195, 0), (459, 306, 12), (177, 117, 0), (350, 232, 0), (4990, 3327, 41), (274, 185, 0), (153, 97, 0), (402, 269, 0), (181, 111, 0), (161, 102, 0), (162, 103, 0), (4155, 2767, 46), (227, 148, 1), (157, 106, 0), (178, 117, 0), (324, 217, 0), (155, 103, 0), (237, 158, 0), (4058, 2706, 0), (621, 416, 0), (3960, 2639, 51), (892, 593, 15), (251, 167, 0), (3141, 2094, 1), (739, 489, 0), (235, 151, 0), (171, 112, 0), (184, 121, 0), (280, 186, 0), (220, 140, 0), (359, 238, 0), (240, 162, 0), (189, 122, 0), (313, 208, 0), (2938, 1957, 48), (1276, 848, 55), (2997, 1993, 52), (1585, 1053, 38), (269, 177, 0), (261, 169, 0), (205, 136, 0), (212, 137, 0), (227, 149, 0), (608, 402, 0), (158, 104, 0), (218, 141, 1), (303, 203, 0), (217, 141, 23), (2408, 1605, 57), (1952, 1246, 21), (2250, 1501, 53), (2690, 1794, 51), (260, 172, 0)]
Episode:  4 / 20 Score:  63 ação:  0 TempoEpisodio: 3890.4471175670624 Reward: 10
listaacao: [0, 1, 0, 0, 1, 0, 0, 0, 0, 0, 0, 1, 0, 0, 1, 1, 0, 1, 0, 1, 0, 0, 0, 0, 1, 0, 1, 0, 0, 1, 0, 0, 0, 0, 0, 0, 0, 0, 1, 0, 1, 0, 1, 1, 1, 0, 0, 0, 0, 1, 0, 1, 0, 0, 0, 0, 1, 0, 0, 0, 1, 0, 0, 0]
listaRecompensa: [0, -10, 10, 10, -10, -10, -10, -10, -10, -10, -10, 10, -10, 10, 10, -10, -10, 10, -10, 10, -10, -10, 10, 10, -10, -10, -10, -10, -10, -10, 10, -10, 10, 10, 10, -10, 10, 10, -10, -10, -10, 10, 10, 10, 10, 10, -10, -10, 10, -10, -10, 10, -10, -10, 10, -10, 10, 10, -10, 10, -10, -10, 10, 10]
Medias: [(260, 172, 0), (288, 193, 0), (233, 155, 0), (174, 115, 0), (1336, 891, 46), (2281, 1520, 51), (1532, 1018, 0), (2871, 1916, 0), (1751, 1166, 0), (4624, 3083, 0), (4705, 3135, 0), (3048, 2031, 42), (793, 529, 0), (2993, 1995, 0), (338, 225, 0), (831, 552, 55), (3171, 2114, 47), (885, 585, 52), (3625, 2416, 57), (1142, 759, 57), (3131, 2085, 55), (160, 102, 0), (264, 172, 0), (506, 337, 0), (4262, 2842, 18), (269, 179, 0), (553, 367, 30), (4556, 3038, 54), (250, 169, 0), (229, 151, 0), (5479, 3650, 55), (179, 118, 0), (323, 213, 0), (565, 375, 0), (3402, 2268, 0), (413, 271, 0), (308, 203, 0), (161, 108, 0), (5144, 3430, 42), (464, 310, 0), (264, 175, 0), (5538, 3693, 53), (4387, 2925, 50), (4580, 3053, 52), (157, 100, 0), (4795, 3197, 43), (5462, 3643, 0), (922, 614, 0), (269, 181, 0), (4064, 2710, 46), (4927, 3285, 56), (5432, 3621, 45), (4597, 3065, 26), (170, 111, 0), (5641, 3760, 0), (4196, 2797, 0), (314, 209, 0), (4430, 2953, 44), (320, 209, 0), (234, 152, 0), (4718, 3146, 30), (179, 119, 0), (288, 192, 0), (187, 124, 0)]
Episode:  5 / 20 Score:  63 ação:  0 TempoEpisodio: 3888.585316181183 Reward: 10
listaacao: [1, 1, 0, 0, 1, 1, 0, 0, 0, 1, 0, 0, 0, 0, 0, 1, 0, 0, 0, 0, 1, 1, 0, 1, 0, 0, 1, 1, 0, 0, 0, 0, 0, 0, 0, 1, 0, 0, 0, 1, 0, 0, 1, 0, 1, 0, 1, 1, 0, 0, 0, 1, 0, 1, 0, 0, 0, 0, 1, 1, 0, 0, 0, 0]
listaRecompensa: [0, -10, -10, -10, -10, 10, 10, 10, 10, 10, -10, -10, 10, 10, -10, -10, 10, -10, -10, -10, -10, 10, 10, -10, -10, 10, -10, -10, 10, 10, 10, 10, 10, 10, 10, -10, 10, -10, 10, -10, -10, 10, -10, 10, -10, 10, -10, 10, -10, -10, 10, -10, 10, -10, 10, 10, 10, 10, -10, -10, 10, 10, 10, 10]
Medias: [(219, 146, 0), (231, 153, 3), (3343, 2228, 36), (166, 105, 0), (332, 219, 7), (179, 115, 0), (456, 302, 0), (258, 171, 0), (5285, 3522, 0), (4789, 3193, 23), (4750, 3167, 14), (245, 166, 0), (146, 99, 0), (3718, 2480, 0), (152, 99, 0), (191, 124, 0), (232, 153, 4), (4584, 3038, 0), (4584, 3038, 0), (182, 118, 0), (219, 146, 2), (164, 106, 0), (277, 185, 0), (4322, 2808, 27), (170, 108, 0), (233, 157, 0), (191, 125, 0), (179, 114, 0), (248, 162, 0), (192, 128, 0), (212, 143, 0), (438, 290, 0), (228, 150, 0), (208, 138, 0), (225, 149, 0), (231, 151, 0), (223, 150, 14), (181, 118, 0), (343, 227, 0), (5439, 3626, 56), (432, 286, 0), (175, 113, 0), (175, 118, 0), (171, 111, 0), (171, 108, 0), (175, 117, 0), (302, 200, 2), (3234, 2158, 38), (5018, 3344, 35), (419, 279, 0), (198, 134, 0), (311, 208, 0), (381, 250, 0), (168, 108, 0), (244, 161, 0), (398, 264, 0), (193, 119, 0), (272, 182, 0), (278, 186, 0), (178, 113, 0), (305, 204, 0), (172, 111, 0), (216, 140, 0), (280, 188, 0)]
Episode:  6 / 20 Score:  63 ação:  0 TempoEpisodio: 3888.4805738925934 Reward: -10
listaacao: [1, 0, 0, 1, 0, 0, 0, 0, 0, 1, 0, 0, 0, 1, 1, 1, 0, 0, 0, 0, 1, 0, 0, 0, 1, 1, 1, 0, 0, 0, 0, 0, 1, 0, 0, 0, 1, 0, 1, 1, 1, 0, 1, 0, 1, 1, 0, 0, 1, 0, 1, 0, 0, 1, 1, 0, 1, 0, 0, 1, 0, 1, 0, 0]
listaRecompensa: [0, -10, -10, -10, 10, 10, 10, 10, 10, -10, 10, 10, 10, -10, 10, 10, -10, -10, -10, 10, -10, 10, 10, 10, -10, -10, -10, -10, -10, 10, 10, -10, 10, -10, -10, 10, -10, 10, -10, -10, -10, 10, -10, 10, -10, -10, 10, 10, -10, 10, -10, 10, 10, -10, 10, -10, -10, 10, 10, -10, 10, 10, 10, -10]
Medias: [(470, 315, 20), (318, 211, 11), (349, 229, 0), (331, 219, 0), (236, 157, 0), (489, 322, 0), (159, 102, 0), (198, 129, 0), (260, 174, 0), (190, 124, 0), (300, 200, 0), (199, 133, 0), (194, 132, 0), (3464, 2308, 49), (4413, 2943, 41), (1619, 1080, 37), (3019, 2011, 0), (1540, 1028, 0), (291, 197, 0), (188, 122, 0), (507, 334, 0), (179, 118, 0), (433, 285, 0), (196, 126, 0), (172, 109, 0), (191, 127, 0), (2010, 1341, 42), (2806, 1871, 62), (247, 164, 0), (183, 117, 0), (1967, 1309, 0), (2142, 1427, 0), (1989, 1320, 54), (2954, 1972, 42), (166, 113, 0), (227, 150, 0), (224, 150, 0), (158, 99, 0), (168, 107, 0), (212, 141, 0), (187, 125, 0), (182, 119, 0), (352, 235, 0), (185, 122, 0), (187, 117, 0), (232, 156, 0), (234, 158, 0), (202, 134, 0), (354, 235, 0), (163, 112, 0), (183, 118, 0), (155, 98, 0), (174, 115, 0), (459, 308, 2), (4063, 2707, 47), (219, 148, 0), (251, 163, 0), (211, 141, 0), (384, 254, 0), (260, 171, 0), (240, 158, 3), (170, 105, 0), (204, 138, 13), (183, 122, 0)]
Episode:  7 / 20 Score:  63 ação:  0 TempoEpisodio: 3888.936027765274 Reward: 10
listaacao: [0, 0, 0, 0, 0, 1, 0, 1, 0, 0, 0, 0, 0, 0, 0, 1, 0, 1, 0, 1, 0, 0, 0, 0, 0, 0, 0, 0, 0, 0, 0, 0, 1, 0, 1, 1, 0, 0, 0, 0, 0, 0, 1, 0, 0, 1, 0, 0, 1, 0, 0, 0, 0, 0, 1, 0, 0, 0, 0, 0, 1, 0, 0, 0]
listaRecompensa: [0, 10, 10, 10, -10, -10, 10, 10, 10, -10, 10, -10, 10, 10, 10, -10, 10, 10, -10, -10, 10, 10, 10, 10, 10, 10, 10, 10, -10, -10, 10, -10, -10, 10, 10, -10, -10, 10, 10, 10, 10, 10, -10, 10, 10, -10, 10, -10, -10, 10, 10, 10, 10, 10, -10, 10, 10, 10, -10, 10, -10, 10, -10, 10]
Medias: [(176, 117, 0), (268, 177, 0), (301, 199, 0), (4039, 2693, 0), (174, 117, 0), (190, 124, 0), (195, 125, 1), (276, 183, 0), (5008, 3337, 57), (270, 182, 0), (4262, 2841, 0), (314, 209, 0), (360, 241, 0), (194, 126, 0), (221, 147, 0), (176, 119, 0), (4259, 2839, 48), (5258, 3314, 40), (195, 126, 0), (185, 124, 0), (276, 184, 0), (232, 152, 0), (482, 320, 0), (212, 142, 0), (315, 208, 0), (153, 102, 0), (221, 143, 0), (3729, 2487, 0), (5013, 3341, 0), (331, 222, 0), (5059, 3373, 0), (206, 137, 0), (476, 316, 0), (4112, 2741, 47), (154, 105, 0), (4001, 2668, 15), (267, 175, 0), (292, 194, 0), (206, 139, 0), (227, 150, 0), (231, 152, 0), (200, 132, 0), (173, 117, 0), (456, 305, 0), (250, 168, 0), (440, 295, 0), (183, 118, 1), (214, 143, 0), (194, 130, 0), (243, 161, 0), (291, 191, 0), (288, 192, 0), (379, 252, 0), (258, 173, 0), (172, 114, 0), (292, 193, 0), (247, 166, 0), (4424, 2949, 0), (400, 265, 0), (164, 106, 0), (423, 229, 0), (5583, 3722, 35), (294, 194, 0), (257, 172, 0)]
Episode:  8 / 20 Score:  63 ação:  1 TempoEpisodio: 3889.4071385860443 Reward: -10
listaacao: [0, 1, 0, 1, 1, 0, 1, 1, 0, 0, 0, 0, 0, 1, 0, 1, 1, 0, 0, 0, 0, 0, 0, 0, 1, 1, 1, 0, 0, 0, 1, 1, 0, 0, 0, 0, 1, 1, 0, 1, 0, 0, 1, 0, 0, 1, 0, 0, 0, 0, 0, 1, 1, 0, 1, 0, 1, 1, 0, 1, 1, 0, 0, 1]
listaRecompensa: [0, -10, 10, -10, -10, -10, -10, -10, -10, -10, 10, -10, 10, 10, 10, -10, -10, -10, 10, 10, 10, 10, -10, 10, -10, -10, 10, -10, -10, 10, 10, 10, 10, -10, 10, 10, -10, -10, 10, -10, -10, -10, 10, 10, 10, -10, -10, -10, -10, -10, 10, -10, -10, -10, -10, -10, 10, -10, 10, -10, -10, 10, 10, -10]
Medias: [(199, 130, 0), (209, 138, 0), (148, 99, 0), (219, 145, 0), (198, 130, 5), (159, 102, 0), (179, 117, 0), (199, 130, 2), (392, 260, 5), (259, 169, 0), (4406, 2936, 0), (246, 163, 0), (4722, 3148, 0), (249, 168, 0), (246, 163, 0), (162, 106, 0), (4336, 2890, 47), (236, 157, 0), (170, 112, 0), (153, 101, 0), (157, 102, 0), (4471, 2981, 0), (346, 231, 0), (172, 111, 0), (203, 136, 0), (225, 145, 2), (3875, 2582, 50), (1086, 722, 51), (239, 160, 0), (3114, 2078, 0), (1264, 842, 31), (272, 179, 0), (393, 261, 3), (256, 169, 0), (283, 188, 0), (503, 340, 0), (172, 114, 0), (256, 168, 0), (296, 196, 0), (2872, 1915, 43), (4570, 3049, 29), (1820, 1215, 0), (227, 148, 0), (265, 175, 0), (549, 367, 0), (2516, 1677, 49), (1477, 979, 37), (2438, 1626, 0), (2035, 1356, 0), (223, 149, 0), (301, 201, 0), (192, 126, 0), (246, 162, 1), (590, 398, 0), (2748, 1832, 57), (2025, 1351, 51), (212, 141, 0), (338, 223, 0), (182, 122, 0), (192, 125, 0), (194, 128, 0), (280, 185, 0), (204, 136, 0), (238, 158, 0)]
Episode:  9 / 20 Score:  63 ação:  0 TempoEpisodio: 3890.3549752235413 Reward: -10
listaacao: [1, 1, 1, 0, 0, 0, 1, 0, 0, 1, 0, 0, 0, 1, 1, 1, 0, 0, 0, 1, 0, 0, 1, 0, 0, 0, 0, 0, 0, 0, 0, 1, 0, 0, 0, 0, 0, 1, 0, 0, 0, 1, 0, 0, 0, 1, 0, 0, 0, 0, 1, 0, 0, 0, 0, 1, 0, 0, 0, 0, 0, 0, 0, 0]
listaRecompensa: [0, -10, -10, 10, -10, 10, -10, 10, -10, 10, -10, 10, -10, 10, -10, -10, -10, -10, -10, 10, 10, 10, 10, -10, -10, 10, -10, 10, 10, 10, -10, 10, 10, 10, 10, 10, -10, 10, 10, -10, 10, -10, -10, 10, 10, -10, 10, 10, 10, 10, -10, 10, -10, 10, -10, -10, 10, 10, -10, 10, 10, 10, -10, -10]
Medias: [(179, 116, 0), (270, 178, 0), (170, 109, 0), (275, 183, 1), (197, 130, 0), (190, 125, 0), (201, 133, 0), (1847, 1231, 2), (4703, 3136, 0), (3222, 2148, 35), (288, 192, 0), (1456, 970, 0), (4932, 3286, 0), (166, 107, 0), (395, 264, 0), (984, 657, 38), (4735, 3156, 53), (4038, 2693, 0), (3743, 2493, 0), (441, 293, 0), (368, 243, 0), (4121, 2747, 0), (4743, 3163, 34), (3689, 2459, 27), (396, 261, 0), (4214, 2810, 0), (220, 145, 0), (307, 204, 0), (256, 170, 0), (5282, 3523, 0), (3733, 2488, 0), (178, 116, 0), (155, 98, 0), (265, 179, 0), (162, 110, 0), (4845, 3230, 0), (4321, 2880, 0), (183, 118, 0), (197, 128, 1), (260, 172, 0), (255, 171, 0), (4826, 3217, 39), (271, 178, 0), (178, 118, 0), (167, 109, 0), (195, 128, 0), (306, 198, 0), (554, 328, 0), (206, 135, 0), (387, 258, 0), (195, 126, 0), (174, 116, 1), (269, 179, 0), (3815, 2543, 0), (466, 311, 0), (376, 252, 0), (185, 120, 0), (4941, 3294, 0), (211, 141, 0), (347, 229, 0), (172, 111, 0), (4896, 3265, 0), (4611, 3074, 0), (201, 131, 0)]
Episode:  10 / 20 Score:  63 ação:  0 TempoEpisodio: 3890.13165974617 Reward: 10
listaacao: [0, 0, 0, 0, 0, 0, 0, 0, 1, 0, 0, 0, 0, 1, 0, 1, 0, 0, 1, 0, 0, 1, 0, 1, 0, 1, 0, 0, 0, 0, 1, 0, 1, 0, 0, 1, 1, 0, 0, 0, 0, 0, 0, 0, 0, 0, 0, 1, 1, 0, 0, 0, 0, 0, 0, 0, 1, 1, 0, 0, 0, 0, 0, 0]
listaRecompensa: [0, 10, 10, 10, 10, 10, -10, -10, -10, -10, -10, 10, 10, -10, 10, 10, 10, 10, -10, 10, -10, 10, 10, -10, 10, 10, -10, -10, 10, 10, -10, -10, -10, -10, 10, 10, -10, -10, -10, -10, 10, 10, 10, 10, 10, 10, 10, -10, 10, 10, 10, 10, -10, 10, 10, 10, -10, 10, -10, 10, 10, 10, -10, 10]
Medias: [(277, 184, 0), (735, 491, 0), (182, 122, 0), (183, 118, 0), (313, 209, 0), (4488, 2993, 0), (4558, 3039, 0), (186, 124, 0), (5037, 3213, 49), (297, 195, 1), (185, 124, 0), (173, 108, 0), (188, 125, 0), (184, 117, 0), (5217, 3477, 54), (549, 365, 0), (196, 128, 0), (244, 160, 0), (538, 355, 0), (4047, 2698, 26), (4993, 3328, 0), (264, 176, 0), (216, 144, 0), (177, 114, 0), (544, 364, 7), (5469, 3646, 56), (3967, 2645, 52), (302, 193, 0), (202, 138, 0), (384, 254, 0), (4822, 3215, 53), (162, 107, 0), (3838, 2558, 40), (323, 214, 0), (4680, 3120, 0), (173, 116, 0), (4815, 3210, 54), (5297, 3531, 54), (4575, 3050, 0), (350, 234, 0), (232, 154, 0), (176, 115, 0), (277, 184, 0), (171, 114, 0), (206, 138, 0), (187, 122, 0), (258, 172, 0), (5079, 3386, 16), (334, 222, 0), (168, 109, 0), (254, 171, 0), (3184, 2123, 0), (326, 216, 0), (383, 256, 0), (181, 115, 0), (215, 141, 0), (258, 170, 6), (4983, 3323, 55), (494, 329, 0), (170, 112, 0), (435, 287, 0), (3789, 2525, 0), (573, 377, 0), (4077, 2717, 0)]
Episode:  11 / 20 Score:  63 ação:  0 TempoEpisodio: 3889.284919977188 Reward: 10
listaacao: [1, 1, 0, 0, 0, 1, 0, 0, 0, 0, 0, 0, 1, 0, 1, 1, 0, 0, 0, 1, 0, 0, 1, 0, 0, 0, 1, 0, 0, 0, 0, 1, 0, 1, 0, 0, 0, 1, 0, 0, 1, 0, 0, 0, 1, 0, 0, 0, 1, 1, 0, 0, 0, 0, 0, 0, 0, 0, 0, 0, 0, 0, 1, 0]
listaRecompensa: [0, 10, -10, -10, 10, -10, 10, -10, -10, -10, 10, 10, -10, -10, 10, -10, -10, 10, -10, 10, -10, -10, -10, 10, 10, -10, 10, -10, -10, -10, 10, -10, 10, -10, -10, -10, 10, -10, 10, 10, -10, 10, 10, 10, -10, -10, -10, 10, -10, 10, -10, -10, -10, 10, 10, -10, 10, 10, 10, -10, -10, 10, 10, 10]
Medias: [(4901, 3266, 54), (832, 552, 51), (3688, 2459, 0), (938, 627, 0), (171, 111, 0), (234, 152, 0), (3329, 2220, 0), (3583, 2388, 0), (1329, 886, 0), (257, 170, 0), (405, 271, 0), (235, 157, 0), (2909, 1941, 38), (1456, 964, 57), (285, 182, 0), (224, 149, 2), (295, 193, 0), (2766, 1843, 0), (1232, 820, 0), (3279, 2185, 51), (2061, 1372, 27), (403, 266, 0), (163, 108, 0), (321, 211, 0), (2447, 1632, 0), (2220, 1479, 0), (245, 164, 3), (2214, 1478, 0), (2534, 1689, 0), (208, 136, 0), (487, 322, 0), (448, 294, 0), (178, 116, 0), (1619, 1076, 54), (2937, 1957, 49), (302, 199, 0), (305, 203, 0), (163, 108, 0), (157, 103, 0), (311, 209, 0), (183, 104, 0), (313, 205, 0), (295, 194, 0), (215, 144, 0), (1238, 828, 52), (3781, 2521, 53), (160, 107, 0), (211, 139, 0), (487, 321, 2), (322, 216, 16), (1196, 796, 0), (3575, 2382, 0), (215, 143, 0), (677, 449, 0), (3779, 2519, 0), (344, 228, 0), (268, 176, 0), (153, 98, 0), (4116, 2743, 0), (3485, 2321, 0), (639, 427, 0), (4845, 3230, 0), (195, 130, 0), (153, 98, 0)]
Episode:  12 / 20 Score:  63 ação:  1 TempoEpisodio: 3889.5567836761475 Reward: -10
listaacao: [0, 0, 0, 0, 0, 0, 0, 0, 0, 0, 0, 0, 0, 0, 1, 1, 0, 0, 0, 1, 0, 0, 0, 0, 1, 1, 0, 1, 0, 1, 0, 0, 0, 0, 0, 1, 1, 0, 0, 0, 1, 0, 0, 0, 0, 0, 0, 0, 0, 0, 1, 0, 0, 0, 0, 1, 0, 0, 0, 0, 0, 0, 1, 1]
listaRecompensa: [0, 10, 10, 10, 10, 10, 10, 10, 10, 10, 10, 10, 10, 10, 10, -10, 10, -10, 10, -10, -10, 10, 10, -10, -10, 10, 10, -10, 10, -10, 10, 10, -10, 10, 10, -10, -10, -10, 10, -10, -10, 10, 10, -10, 10, 10, 10, 10, -10, 10, 10, -10, -10, 10, 10, -10, -10, 10, -10, 10, 10, 10, 10, -10]
Medias: [(272, 179, 0), (377, 249, 0), (347, 233, 0), (190, 127, 0), (183, 120, 0), (200, 132, 0), (533, 355, 0), (164, 110, 0), (212, 141, 0), (174, 117, 0), (257, 171, 0), (166, 109, 0), (261, 172, 0), (3896, 2598, 0), (157, 97, 0), (173, 112, 0), (426, 283, 2), (427, 286, 0), (267, 179, 0), (4954, 3303, 34), (293, 195, 0), (318, 214, 0), (3892, 2595, 0), (201, 135, 0), (4084, 2723, 45), (448, 295, 0), (276, 183, 0), (167, 105, 0), (262, 172, 0), (196, 132, 0), (674, 452, 0), (3695, 2463, 0), (182, 120, 0), (179, 119, 0), (425, 283, 0), (188, 123, 0), (4576, 3050, 51), (165, 108, 0), (3874, 2583, 0), (179, 118, 0), (170, 112, 0), (178, 118, 0), (4663, 3108, 0), (324, 219, 0), (293, 191, 0), (263, 175, 0), (256, 170, 0), (4480, 2987, 0), (220, 146, 0), (5495, 3664, 0), (4909, 3273, 49), (404, 271, 2), (217, 146, 0), (165, 108, 0), (222, 148, 0), (173, 111, 1), (279, 183, 0), (5000, 3334, 0), (202, 135, 0), (228, 152, 0), (400, 266, 0), (4738, 3158, 0), (167, 107, 0), (315, 212, 9)]
Episode:  13 / 20 Score:  63 ação:  1 TempoEpisodio: 3890.580347299576 Reward: 10
listaacao: [0, 1, 0, 1, 0, 0, 1, 1, 0, 1, 0, 1, 1, 1, 0, 0, 1, 1, 0, 0, 0, 0, 0, 1, 0, 0, 0, 0, 0, 0, 0, 0, 0, 0, 0, 1, 1, 1, 0, 0, 0, 0, 0, 0, 0, 1, 1, 0, 0, 0, 1, 1, 1, 0, 0, 0, 0, 0, 1, 1, 0, 1, 0, 1]
listaRecompensa: [0, -10, 10, -10, 10, 10, 10, -10, -10, 10, 10, 10, 10, 10, 10, -10, -10, 10, -10, 10, -10, -10, 10, -10, -10, -10, -10, -10, -10, 10, 10, 10, 10, 10, -10, 10, 10, 10, -10, -10, 10, -10, -10, 10, -10, 10, 10, -10, 10, -10, 10, 10, -10, -10, 10, 10, 10, 10, -10, -10, 10, -10, 10, 10]
Medias: [(257,173,0),(290,193,0),(411,272, 0), (306, 206, 0), (292, 196, 0), (3584, 2389, 0), (179, 118, 0), (4572, 3048, 54), (330, 218, 2), (335, 221, 0), (4849, 3232, 57), (309, 205, 1), (4389, 2924, 48), (258, 168, 0), (5363, 3577, 57), (380, 255, 0), (4775, 3184, 46), (4144, 2762, 53), (220, 147, 0), (4230, 2819, 0), (5162, 3442, 0), (173, 114, 0), (399, 264, 0), (4558, 3039, 31), (261, 169, 1), (4040, 2694, 0), (4040, 2694, 0), (4251, 2834, 0), (290, 190, 0), (80, 52, 0), (176, 118, 0), (181, 118, 0), (180, 119, 0), (3517, 2342, 0), (1065, 671, 0), (3421, 2282, 44), (1279, 854, 47), (348, 230, 2), (3162, 2109, 0), (759, 504, 0), (3877, 2587, 0), (1494, 993, 0), (202, 133, 0), (3656, 2437, 0), (1665, 1108, 0), (3369, 2246, 46), (1594, 1062, 49), (227, 150, 0), (1906, 1268, 0), (1643, 1097, 0), (277, 184, 7), (498, 333, 0), (240, 162, 3), (356, 236, 0), (376, 249, 0), (396, 262, 0), (270, 179, 0), (273, 182, 0), (274, 184, 0), (327, 217, 0), (228, 150, 0), (234, 157, 0), (2374, 1582, 0), (2859, 1906, 33)]
Episode:  14 / 20 Score:  63 ação:  1 TempoEpisodio: 3888.9685304164886 Reward: -10
listaacao: [1, 0, 1, 1, 0, 0, 0, 0, 1, 0, 0, 0, 0, 0, 0, 0, 0, 0, 1, 0, 1, 0, 0, 1, 1, 1, 1, 0, 0, 0, 0, 1, 0, 1, 0, 0, 0, 1, 0, 1, 0, 1, 1, 0, 0, 0, 0, 0, 0, 1, 0, 0, 1, 0, 1, 0, 0, 0, 0, 0, 0, 0, 0, 1]
listaRecompensa: [0, -10, -10, -10, 10, 10, 10, -10, 10, -10, 10, -10, -10, 10, 10, 10, 10, 10, -10, -10, -10, 10, 10, -10, -10, 10, 10, -10, -10, -10, -10, -10, 10, -10, -10, -10, 10, -10, 10, -10, -10, 10, 10, 10, -10, -10, 10, -10, 10, 10, -10, 10, 10, 10, -10, -10, 10, -10, -10, -10, -10, 10, 10, -10]
Medias: [(216,145,1), (426,281, 0), (206, 136, 0), (179, 120, 0), (155, 104, 0), (919, 611, 0), (2748, 1834, 0), (1134, 755, 0), (3406, 2271, 45), (268, 178, 0), (1289, 859, 0), (3163, 2107, 0), (586, 389, 0), (443, 296, 0), (227, 151, 0), (163, 103, 0), (261, 172, 0), (884, 587, 0), (4188, 2791, 43), (186, 125, 0), (216, 141, 0), (203, 134, 0), (205, 134, 0), (281, 189, 0), (543, 361, 6), (2492, 1661, 39), (3876, 2584, 46), (3932, 2623, 15), (4348, 2898, 0), (4245, 2829, 0), (164, 107, 0), (178, 118, 0), (178, 116, 0), (4585, 3056, 43), (248, 168, 6), (193, 130, 0), (544, 362, 0), (483, 325, 0), (343, 227, 0), (330, 217, 1), (3948, 2632, 33), (3935, 2622, 41), (167, 112, 0), (4226, 2819, 42), (3090, 2061, 0), (235, 158, 0), (4314, 2877, 0), (278, 187, 0), (4187, 2791, 0), (4025, 2684, 46), (172, 111, 0), (4341, 2894, 0), (260, 173, 0), (173, 115, 0), (4303, 2868, 44), (277, 184, 0), (5287, 3525, 0), (3993, 2663, 0), (4285, 2857, 0), (5163, 3442, 0), (148, 94, 0), (236, 153, 0), (182, 123, 0), (169, 112, 0)]
Episode:  15 / 20 Score:  63 ação:  1 TempoEpisodio: 3889.3958234786987 Reward: -10
listaacao: [0, 0, 0, 0, 0, 0, 0, 0, 0, 1, 1, 1, 0, 0, 0, 1, 0, 1, 0, 1, 0, 0, 0, 1, 0, 1, 0, 0, 0, 0, 0, 1, 1, 1, 0, 1, 1, 1, 0, 0, 1, 0, 0, 1, 1, 0, 0, 1, 0, 1, 1, 0, 1, 0, 0, 0, 0, 0, 0, 0, 0, 1, 1, 1]
listaRecompensa: [0, -10, 10, -10, -10, 10, 10, 10, 10, -10, -10, -10, 10, -10, 10, 10, 10, 10, 10, 10, 10, -10, -10, -10, -10, -10, -10, 10, 10, 10, -10, 10, -10, -10, 10, 10, 10, -10, 10, 10, -10, -10, 10, -10, 10, 10, 10, -10, -10, 10, -10, 10, -10, 10, -10, 10, 10, 10, 10, 10, 10, 10, 10, -10]
Medias: [(5130, 3421, 60), (282, 190, 0), (4366, 2911, 0), (5076, 3385, 0), (431, 288, 0), (399, 265, 0), (536, 354, 0), (331, 220, 0), (162, 104, 0), (179, 113, 0), (304, 204, 0), (284, 192, 0), (4954, 3302, 57), (200, 132, 0), (3832, 2555, 0), (179, 118, 0), (373, 249, 5), (351, 231, 0), (407, 275, 2), (93, 59, 0), (4868, 3245, 21), (4402, 2935, 0), (510, 339, 0), (4929, 3287, 35), (258, 173, 0), (4121, 2747, 52), (183, 120, 0), (309, 207, 0), (224, 150, 0), (5775, 3850, 0), (4679, 3123, 0), (210, 136, 0), (180, 121, 0), (307, 205, 0), (665, 443, 33), (4870, 3246, 40), (239, 160, 0), (173, 111, 0), (433, 288, 0), (257, 170, 0), (5399, 3600, 14), (215, 139, 0), (185, 120, 0), (294, 194, 9), (246, 157, 0), (339, 224, 0), (376, 249, 0), (230, 154, 1), (4439, 2959, 54), (166, 106, 0), (283, 189, 0), (224, 150, 0), (196, 133, 0), (2972, 1980, 0), (711, 474, 0), (371, 250, 0), (374, 247, 0), (229, 153, 0), (261, 172, 0), (472, 313, 0), (3797, 2533, 0), (551, 361, 19), (286, 191, 0), (3920, 2614, 51)]
Episode:  16 / 20 Score:  63 ação:  1 TempoEpisodio: 3889.0315549373627 Reward: -10
listaacao: [0, 0, 0, 1, 0, 0, 0, 0, 0, 0, 1, 0, 0, 0, 1, 0, 0, 0, 0, 0, 0, 1, 1, 0, 1, 1, 0, 0, 0, 0, 0, 1, 0, 0, 1, 0, 0, 0, 0, 1, 0, 0, 0, 1, 0, 0, 1, 0, 0, 0, 0, 0, 0, 1, 1, 0, 0, 1, 0, 0, 0, 1, 1, 1]
listaRecompensa: [0, -10, 10, -10, 10, 10, 10, -10, -10, -10, 10, -10, 10, 10, -10, 10, 10, 10, 10, 10, 10, -10, -10, -10, -10, -10, 10, 10, -10, 10, 10, -10, 10, -10, -10, -10, -10, 10, 10, -10, 10, 10, -10, 10, -10, -10, 10, 10, -10, 10, 10, 10, -10, 10, 10, -10, 10, 10, 10, 10, -10, -10, -10, -10]
Medias: [(1491, 992, 42), (697, 462, 0), (230, 154, 0), (172, 112, 0), (164, 109, 0), (318, 210, 0), (3214, 2143, 0), (3864, 2574, 0), (4145, 2762, 0), (4352, 2902, 0), (1785, 1189, 43), (438, 291, 0), (481, 316, 0), (221, 147, 0), (179, 120, 0), (217, 146, 0), (368, 246, 0), (178, 117, 0), (176, 114, 0), (398, 264, 0), (244, 161, 0), (357, 240, 0), (213, 140, 2), (226, 150, 0), (166, 110, 0), (226, 151, 0), (226, 151, 0), (197, 128, 6), (164, 107, 0), (279, 189, 0), (273, 182, 0), (593, 394, 0), (281, 185, 6), (398, 266, 0), (211, 137, 4), (294, 197, 1), (173, 115, 0), (231, 152, 0), (199, 132, 0), (183, 119, 0), (211, 139, 0), (1030, 688, 0), (4057, 2704, 0), (3529, 2352, 18), (3866, 2576, 56), (3753, 2500, 0), (289, 194, 0), (3052, 2036, 53), (274, 181, 0), (169, 112, 0), (180, 114, 0), (4288, 2859, 0), (3706, 2472, 0), (280, 184, 1), (350, 229, 2), (263, 171, 0), (3878, 2584, 0), (168, 108, 0), (351, 236, 0), (4494, 2995, 0), (167, 110, 0), (261, 170, 0), (168, 108, 0), (4891, 3259, 53)]
Episode:  17 / 20 Score:  63 ação:  1 TempoEpisodio: 3890.009189605713 Reward: 10
listaacao: [0, 0, 0, 0, 0, 0, 0, 0, 0, 0, 0, 0, 0, 0, 0, 0, 1, 0, 0, 1, 1, 1, 0, 1, 0, 1, 1, 1, 0, 0, 0, 0, 1, 0, 1, 0, 0, 0, 1, 0, 1, 0, 0, 0, 0, 0, 1, 0, 0, 0, 1, 0, 0, 1, 0, 0, 0, 0, 1, 1, 0, 1, 0, 1]
listaRecompensa: [0, 10, 10, 10, 10, -10, 10, 10, 10, 10, 10, 10, 10, 10, -10, 10, -10, -10, 10, -10, -10, 10, 10, 10, 10, -10, 10, 10, 10, 10, 10, 10, 10, -10, -10, 10, 10, 10, -10, 10, 10, 10, 10, 10, 10, 10, -10, -10, -10, 10, -10, 10, 10, 10, 10, 10, 10, 10, -10, -10, 10, -10, 10, 10]
Medias: [(217, 144, 0), (359, 239, 0), (160, 101, 0), (465, 312, 0), (4458, 2973, 0), (291, 192, 0), (575, 383, 0), (282, 188, 0), (230, 151, 0), (215, 146, 0), (397, 265, 0), (693, 462, 0), (322, 212, 0), (3746, 2498, 0), (313, 209, 0), (270, 180, 0), (4315, 2877, 34), (361, 245, 0), (185, 119, 0), (387, 259, 0), (258, 171, 8), (327, 213, 0), (401, 267, 4), (171, 112, 0), (309, 204, 0), (437, 290, 5), (4407, 2939, 50), (237, 157, 0), (219, 141, 0), (182, 121, 0), (242, 159, 0), (4201, 2801, 0), (4709, 3140, 25), (307, 203, 0), (172, 110, 0), (417, 277, 0), (204, 133, 0), (191, 122, 0), (260, 173, 0), (4632, 3090, 41), (368, 242, 0), (361, 239, 0), (389, 258, 0), (337, 224, 0), (203, 130, 0), (160, 107, 0), (5575, 3717, 53), (4768, 3179, 57), (212, 143, 0), (313, 209, 0), (564, 376, 0), (254, 172, 0), (4281, 2853, 0), (458, 305, 0), (308, 208, 0), (227, 151, 0), (156, 100, 0), (166, 107, 0), (166, 107, 0), (346, 231, 0), (458, 303, 0), (193, 130, 0), (213, 141, 17), (565, 378, 0)]
Episode:  18 / 20 Score:  63 ação:  0 TempoEpisodio: 3890.3391823768616 Reward: 10
listaacao: [0, 1, 1, 1, 0, 0, 0, 0, 0, 0, 0, 0, 0, 0, 0, 0, 0, 0, 0, 0, 0, 1, 0, 1, 0, 0, 1, 0, 1, 0, 0, 1, 0, 1, 1, 0, 0, 0, 0, 0, 0, 1, 0, 1, 0, 0, 1, 1, 1, 0, 0, 0, 0, 1, 1, 0, 1, 1, 0, 0, 0, 0, 0, 0]
listaRecompensa: [0, 10, 10, -10, -10, -10, 10, 10, -10, 10, 10, 10, -10, 10, 10, -10, 10, 10, 10, -10, -10, -10, 10, -10, 10, 10, 10, 10, 10, 10, -10, 10, 10, -10, -10, 10, -10, -10, -10, 10, -10, 10, 10, -10, 10, -10, -10, -10, -10, -10, -10, 10, 10, 10, 10, 10, -10, -10, 10, 10, -10, -10, -10, 10]
Medias: [(4735, 3157, 56), (3834, 2556, 34), (257, 171, 0), (4737, 3159, 50), (356, 237, 1), (249, 167, 0), (179, 121, 0), (4580, 3054, 0), (171, 114, 0), (339, 226, 0), (182, 122, 0), (4545, 3031, 0), (293, 194, 0), (235, 157, 0), (4065, 2711, 0), (384, 254, 0), (167, 107, 0), (259, 172, 0), (4189, 2792, 0), (2522, 1681, 0), (520, 348, 0), (144, 80, 0), (269, 176, 0), (153, 99, 0), (247, 162, 0), (4012, 2675, 0), (404, 269, 0), (537, 355, 2), (189, 126, 0), (3527, 2351, 0), (3999, 2666, 0), (360, 235, 0), (339, 224, 0), (172, 115, 0), (208, 137, 0), (265, 176, 8), (2729, 1818, 0), (1093, 729, 0), (241, 157, 0), (3958, 2639, 0), (1382, 920, 0), (211, 139, 0), (250, 165, 0), (215, 142, 0), (440, 294, 1), (274, 179, 0), (168, 109, 0), (257, 167, 0), (2727, 1815, 54), (1469, 975, 52), (175, 116, 0), (175, 113, 0), (1681, 1119, 0), (1646, 1100, 28), (210, 138, 0), (173, 112, 0), (184, 124, 0), (174, 114, 0), (223, 146, 0), (2443, 1627, 0), (3841, 2562, 0), (2375, 1582, 0), (263, 173, 0), (203, 137, 0)]
Episode:  19 / 20 Score:  63 ação:  0 TempoEpisodio: 3890.6428399086 Reward: -10
listaacao: [0, 0, 0, 1, 1, 0, 0, 1, 1, 0, 0, 0, 1, 0, 1, 1, 0, 0, 0, 0, 0, 0, 0, 0, 1, 0, 0, 1, 0, 0, 0, 1, 0, 0, 0, 0, 1, 0, 1, 1, 0, 0, 0, 1, 1, 1, 0, 0, 0, 0, 1, 0, 0, 1, 0, 0, 1, 1, 0, 0, 0, 0, 0, 0]
listaRecompensa: [0, 10, 10, -10, -10, -10, -10, 10, -10, 10, 10, 10, -10, 10, 10, 10, -10, -10, 10, 10, 10, 10, 10, -10, -10, -10, -10, -10, -10, 10, -10, -10, -10, 10, 10, 10, -10, 10, -10, -10, 10, 10, 10, -10, -10, 10, 10, 10, -10, 10, -10, -10, -10, -10, 10, 10, -10, 10, -10, 10, 10, 10, 10, -10]
Medias: [(246, 161, 0), (180, 120, 0), (266, 178, 0), (226, 149, 0), (1857, 1238, 50), (5217, 3479, 53), (2715, 1811, 0), (298, 199, 0), (195, 125, 0), (181, 118, 0), (202, 132, 0), (222, 147, 0), (242, 159, 0), (1178, 786, 0), (3805, 2536, 55), (1266, 840, 42), (3962, 2642, 53), (455, 301, 0), (288, 192, 0), (545, 363, 0), (198, 133, 0), (914, 610, 0), (4083, 2723, 0), (862, 576, 0), (4691, 3127, 30), (3274, 2182, 62), (219, 148, 0), (3550, 2365, 33), (175, 112, 0), (3119, 2078, 0), (452, 299, 0), (4815, 3210, 43), (165, 110, 0), (294, 196, 0), (208, 135, 0), (233, 154, 0), (309, 202, 0), (200, 132, 0), (170, 111, 0), (561, 371, 0), (326, 217, 0), (197, 131, 0), (292, 193, 0), (192, 129, 0), (4582, 3055, 49), (236, 152, 0), (189, 118, 0), (3848, 2566, 0), (183, 123, 0), (235, 157, 0), (4420, 2947, 32), (360, 240, 9), (332, 221, 0), (366, 242, 0), (236, 156, 0), (157, 98, 0), (3716, 2478, 48), (4045, 2696, 55), (161, 108, 0), (241, 163, 0), (171, 110, 0), (202, 134, 0), (4935, 3290, 0), (189, 120, 0)]
