Episode:  0 / 20 Score:  63 epsilon:  0.48410443783967744 ação:  1 TempoEpisodio: 4005.555655002594 Reward: 10
listaacao: [0, 0, 0, 0, 1, 1, 1, 0, 1, 0, 1, 0, 1, 0, 0, 0, 1, 0, 1, 0, 0, 1, 1, 0, 0, 1, 1, 0, 1, 0, 0, 0, 0, 0, 0, 0, 0, 0, 1, 1, 0, 1, 0, 0, 0, 0, 0, 0, 0, 0, 1, 1, 0, 0, 1, 0, 0, 1, 1, 1, 0, 1, 1, 1]
listaRecompensa: [0, -10, 10, 10, 10, 10, -10, -10, 10, 10, -10, 10, -10, 10, 10, -10, 10, -10, 10, -10, -10, 10, -10, -10, 10, -10, -10, 10, -10, 10, 10, -10, 10, 10, 10, 10, 10, 10, -10, -10, -10, -10, 10, -10, -10, 10, 10, 10, 10, 10, 10, 10, -10, 10, -10, 10, -10, -10, 10, -10, 10, -10, -10, 10]
Medias: [(0, 0, 0), (4061, 2708, 0), (777, 513, 0), (167, 104, 0), (3702, 2467, 0), (848, 566, 34), (215, 143, 0), (3933, 2621, 48), (902, 603, 35), (343, 230, 0), (197, 129, 0), (268, 175, 0), (233, 155, 0), (278, 185, 0), (444, 296, 0), (2657, 1771, 0), (1168, 780, 0), (3774, 2515, 51), (609, 404, 51), (3678, 2452, 53), (337, 222, 2), (4017, 2679, 0), (281, 187, 0), (4746, 3164, 15), (229, 147, 0), (310, 205, 0), (175, 114, 0), (196, 126, 0), (209, 142, 0), (356, 236, 0), (278, 187, 0), (3556, 2371, 0), (203, 133, 0), (189, 126, 0), (420, 280, 0), (196, 128, 0), (272, 181, 0), (195, 126, 0), (328, 218, 0), (262, 175, 0), (229, 152, 10), (400, 263, 0), (465, 309, 0), (1963, 1308, 9), (2069, 1379, 0), (160, 104, 0), (208, 136, 0), (331, 220, 0), (220, 145, 0), (404, 271, 0), (3582, 2387, 0), (4228, 2820, 45), (313, 207, 22), (363, 242, 0), (254, 170, 0), (197, 129, 0), (4560, 3039, 39), (194, 125, 0), (4635, 3089, 42), (387, 258, 0), (184, 120, 0), (298, 197, 0), (251, 165, 0), (5382, 3589, 48)]
Episode:  1 / 20 Score:  63 epsilon:  0.1840169447233663 ação:  0 TempoEpisodio: 4043.6423795223236 Reward: 10
listaacao: [0, 1, 0, 0, 0, 0, 0, 0, 1, 0, 0, 0, 0, 0, 0, 0, 0, 1, 0, 1, 0, 0, 0, 1, 0, 0, 0, 0, 1, 1, 1, 0, 1, 0, 0, 0, 0, 1, 0, 1, 1, 0, 0, 0, 1, 1, 1, 0, 1, 0, 0, 0, 0, 0, 0, 0, 0, 0, 0, 0, 0, 1, 0, 0]
listaRecompensa: [0, 10, 10, -10, 10, 10, 10, 10, 10, 10, 10, 10, 10, 10, 10, 10, 10, -10, -10, 10, 10, 10, 10, -10, 10, 10, 10, 10, 10, 10, 10, 10, 10, 10, 10, 10, 10, -10, 10, 10, -10, 10, 10, 10, 10, 10, 10, 10, 10, 10, 10, 10, 10, 10, 10, 10, 10, 10, 10, -10, 10, 10, -10, 10]
Medias: [(0, 0, 0), (3264, 2176, 49), (382, 256, 0), (3314, 2209, 53), (196, 122, 0), (223, 149, 0), (173, 114, 0), (884, 588, 0), (2986, 1991, 0), (259, 169, 0), (412, 274, 0), (921, 617, 0), (281, 186, 0), (258, 170, 0), (208, 139, 0), (282, 188, 0), (282, 189, 0), (245, 163, 0), (4751, 3167, 53), (4568, 3046, 49), (167, 107, 0), (186, 116, 0), (201, 132, 0), (195, 125, 0), (220, 145, 0), (227, 150, 0), (381, 254, 0), (168, 109, 0), (4346, 2897, 0), (5420, 3613, 43), (404, 266, 7), (221, 146, 0), (5034, 3357, 54), (257, 174, 0), (314, 209, 0), (554, 368, 0), (302, 197, 0), (255, 169, 0), (230, 149, 0), (188, 123, 1), (354, 234, 0), (403, 268, 0), (238, 156, 0), (364, 242, 0), (3061, 2042, 0), (4830, 3219, 19), (3887, 2591, 41), (190, 123, 0), (3885, 2591, 52), (162, 106, 0), (514, 339, 0), (247, 164, 0), (249, 164, 0), (708, 471, 0), (204, 140, 0), (211, 139, 0), (206, 140, 0), (630, 423, 0), (255, 169, 0), (4223, 2814, 0), (273, 186, 0), (4718, 3143, 0), (5295, 3531, 55), (340, 226, 0)]
Episode:  2 / 20 Score:  63 epsilon:  0.06994820393804511 ação:  0 TempoEpisodio: 4043.533328294754 Reward: 10
listaacao: [0, 0, 1, 0, 0, 0, 0, 0, 0, 1, 0, 0, 1, 0, 0, 0, 1, 0, 0, 0, 0, 0, 0, 1, 1, 1, 1, 0, 1, 1, 1, 0, 1, 0, 1, 0, 0, 0, 1, 0, 0, 0, 0, 0, 0, 0, 1, 0, 1, 1, 0, 0, 0, 0, 0, 0, 0, 0, 0, 0, 0, 0, 0, 0]
listaRecompensa: [0, 10, -10, 10, 10, 10, 10, 10, 10, -10, 10, 10, 10, 10, 10, 10, 10, 10, 10, 10, 10, 10, 10, -10, 10, -10, -10, -10, 10, 10, -10, 10, 10, -10, 10, 10, 10, 10, -10, 10, -10, 10, 10, 10, 10, 10, 10, 10, -10, 10, 10, 10, 10, 10, 10, 10, -10, 10, 10, 10, 10, 10, 10, 10]
Medias: [(0, 0, 0), (179, 116, 0), (337, 222, 0), (218, 144, 0), (175, 114, 0), (512, 341, 0), (407, 270, 0), (263, 174, 0), (246, 163, 0), (549, 366, 0), (252, 170, 0), (196, 130, 0), (3596, 2395, 0), (551, 363, 0), (268, 177, 0), (231, 152, 0), (5381, 3589, 0), (181, 122, 0), (231, 155, 0), (317, 208, 0), (207, 134, 0), (190, 128, 0), (211, 140, 0), (184, 118, 0), (4105, 2737, 45), (152, 102, 0), (160, 101, 0), (274, 183, 2), (5042, 3362, 56), (4719, 3146, 37), (147, 96, 0), (211, 137, 0), (4334, 2892, 51), (1000, 662, 46), (3393, 2264, 51), (211, 139, 0), (454, 300, 0), (207, 138, 0), (164, 108, 0), (332, 220, 0), (262, 173, 1), (226, 152, 0), (198, 129, 0), (357, 236, 0), (240, 161, 0), (235, 155, 0), (4379, 2919, 0), (211, 142, 0), (333, 225, 0), (3270, 2181, 38), (262, 171, 0), (444, 295, 0), (343, 226, 0), (202, 133, 0), (284, 188, 0), (198, 134, 0), (4687, 3125, 0), (220, 145, 0), (218, 148, 0), (289, 191, 0), (345, 230, 0), (643, 430, 0), (194, 123, 0), (238, 158, 0)]
Episode:  3 / 20 Score:  63 epsilon:  0.02658859074914894 ação:  0 TempoEpisodio: 4044.686238050461 Reward: 10
listaacao: [1, 0, 0, 0, 0, 0, 0, 0, 0, 0, 1, 1, 0, 1, 1, 1, 0, 0, 0, 0, 0, 0, 0, 0, 1, 1, 1, 0, 0, 0, 0, 0, 0, 0, 0, 0, 1, 1, 0, 0, 1, 1, 1, 0, 1, 0, 0, 1, 0, 0, 1, 0, 0, 0, 0, 0, 0, 0, 0, 0, 0, 0, 0, 0]
listaRecompensa: [0, 10, 10, 10, 10, 10, 10, -10, -10, 10, 10, 10, 10, 10, 10, 10, 10, 10, 10, 10, 10, 10, 10, 10, 10, 10, 10, -10, -10, 10, 10, 10, 10, 10, 10, 10, -10, 10, -10, 10, 10, 10, 10, -10, 10, 10, 10, 10, 10, -10, 10, 10, -10, 10, 10, 10, 10, 10, 10, 10, 10, 10, 10, 10]
Medias: [(0, 0, 0), (211, 137, 0), (298, 198, 0), (338, 224, 0), (302, 198, 0), (302, 197, 0), (215, 143, 0), (3764, 2509, 0), (1161, 775, 0), (234, 151, 0), (4244, 2830, 0), (4926, 3284, 44), (306, 205, 0), (4964, 3310, 36), (5491, 3661, 50), (5434, 3622, 55), (361, 240, 0), (186, 128, 0), (289, 190, 0), (190, 125, 0), (256, 171, 0), (290, 188, 0), (160, 108, 0), (172, 112, 0), (5301, 3535, 0), (4423, 2948, 29), (3361, 2242, 40), (164, 105, 1), (219, 146, 1), (215, 141, 0), (177, 116, 0), (333, 221, 0), (166, 109, 0), (172, 113, 0), (212, 139, 0), (280, 184, 0), (209, 140, 0), (3791, 2530, 49), (935, 623, 18), (157, 102, 0), (4958, 3157, 0), (3624, 2413, 48), (4632, 3088, 43), (204, 137, 1), (4686, 3125, 54), (158, 103, 0), (181, 119, 0), (5064, 3375, 0), (546, 363, 0), (456, 303, 1), (4880, 3254, 0), (452, 301, 0), (257, 168, 1), (210, 139, 0), (165, 105, 0), (293, 193, 0), (255, 171, 0), (207, 135, 0), (201, 134, 0), (170, 111, 0), (225, 153, 0), (263, 173, 0), (199, 131, 0), (201, 135, 0)]
Episode:  4 / 20 Score:  63 epsilon:  0.010106809299233686 ação:  1 TempoEpisodio: 4048.6197986602783 Reward: 10
listaacao: [1, 1, 1, 0, 1, 0, 0, 0, 1, 1, 0, 1, 1, 1, 1, 0, 1, 1, 0, 0, 1, 0, 0, 1, 0, 1, 0, 0, 0, 0, 1, 1, 0, 0, 0, 1, 0, 0, 0, 0, 0, 1, 1, 0, 0, 0, 0, 0, 1, 0, 0, 0, 0, 1, 1, 0, 1, 0, 1, 1, 1, 1, 0, 1]
listaRecompensa: [0, 10, 10, -10, 10, 10, 10, 10, 10, 10, 10, 10, 10, 10, 10, 10, 10, 10, 10, 10, 10, 10, 10, 10, 10, 10, 10, 10, 10, 10, 10, 10, -10, 10, 10, 10, 10, 10, 10, 10, 10, -10, 10, -10, -10, 10, 10, 10, 10, 10, 10, 10, 10, 10, 10, -10, 10, -10, 10, 10, 10, 10, 10, 10]
Medias: [(0,0,0),(4517,3010,37),(4668,3111,38),(894,594,44),(3930,2620,0),(495,330,0),(258,171,0), (232, 156, 0), (5048, 3366, 0), (4189, 2792, 35), (180, 118, 0), (3794, 2530, 40), (4986, 3325, 38), (5545, 3696, 46), (5274, 3516, 56), (161, 107, 0), (4461, 2974, 51), (4764, 3176, 22), (360, 237, 0), (220, 149, 0), (5185, 3458, 0), (389, 257, 0), (483, 323, 0), (4400, 2934, 0), (288, 189, 0), (3134, 2088, 48), (181, 118, 0), (192, 124, 0), (196, 127, 0), (483, 321, 0), (2651, 1766, 0), (3565, 2377, 39), (1472, 977, 28), (223, 147, 0), (628, 416, 0), (4184, 2789, 0), (241, 159, 0), (273, 184, 0), (212, 140, 0), (250, 164, 0), (171, 107, 0), (370, 247, 0), (4941, 3292, 49), (218, 148, 10), (374, 246, 19), (367, 248, 0), (349, 229, 0), (195, 130, 0), (4628, 3086, 0), (380, 253, 0), (206, 139, 0), (374, 249, 0), (266, 175, 0), (4383, 2922, 0), (3471, 2315, 25), (1310, 871, 44), (2242, 1495, 49), (1847, 1232, 48), (4200, 2801, 47), (2061, 1370, 20), (2367, 1576, 47), (1573, 1047, 34), (288, 192, 0), (3169,2113,0)]
Episode:  5 / 20 Score:  63 epsilon:  0.009955207159745181 ação:  0 TempoEpisodio: 4046.1058621406555 Reward: 10
listaacao: [1, 1, 0, 1, 1, 0, 0, 0, 1, 0, 0, 0, 1, 0, 0, 0, 0, 0, 0, 1, 0, 0, 0, 1, 1, 1, 1, 0, 0, 0, 1, 0, 0, 0, 1, 1, 0, 1, 0, 0, 0, 0, 0, 0, 0, 0, 0, 1, 0, 0, 0, 0, 0, 0, 0, 0, 1, 0, 1, 0, 0, 1, 0, 0]
listaRecompensa: [0, -10, 10, 10, -10, 10, -10, 10, 10, -10, 10, 10, 10, 10, 10, 10, 10, 10, 10, 10, 10, 10, 10, 10, 10, 10, 10, -10, 10, 10, 10, 10, 10, 10, 10, 10, 10, 10, 10, 10, 10, 10, 10, 10, 10, 10, 10, -10, 10, 10, 10, 10, 10, 10, 10, 10, -10, 10, -10, 10, 10, -10, -10, 10]
Medias: [(0, 0, 0), (217, 145, 0), (211, 140, 0), (4259, 2839, 42), (153, 104, 0), (256, 170, 0), (559, 370, 1), (167, 107, 0), (4821, 3214, 0), (431, 286, 1), (216, 140, 0), (386, 257, 0), (4186, 2790, 0), (173, 113, 0), (241, 162, 0), (174, 112, 0), (191, 126, 0), (151, 99, 0), (699, 467, 0), (3128, 2085, 0), (203, 133, 0), (183, 118, 0), (211, 139, 0), (2339, 1559, 0), (4615, 3076, 48), (4284, 2856, 40), (3194, 2128, 37), (1121, 748, 42), (198, 132, 0), (171, 111, 0), (4105, 2736, 0), (354, 234, 0), (567, 377, 0), (286, 193, 0), (5069, 3380, 0), (5349, 3566, 17), (171, 112, 0), (4141, 2760, 54), (411, 272, 0), (204, 138, 0), (340, 224, 0), (215, 144, 0), (274, 183, 0), (186, 123, 0), (180, 117, 0), (448, 299, 0), (223, 149, 0), (414, 276, 0), (386, 257, 0), (300, 200, 0), (657, 433, 0), (162, 107, 0), (258, 169, 0), (183, 117, 0), (236, 158, 0), (266, 178, 0), (283, 184, 0), (252, 168, 0), (717, 478, 0), (203, 136, 0), (268, 180, 0), (358, 236, 0), (475, 318, 6), (198, 130, 0)]
Episode:  6 / 20 Score:  63 epsilon:  0.009955207159745181 ação:  0 TempoEpisodio: 4046.9711434841156 Reward: 10
listaacao: [1, 0, 0, 1, 0, 1, 0, 0, 0, 1, 0, 1, 1, 0, 1, 0, 1, 0, 0, 0, 0, 0, 0, 1, 1, 0, 0, 0, 0, 0, 0, 0, 0, 1, 1, 0, 0, 0, 0, 0, 0, 0, 0, 0, 0, 0, 0, 1, 1, 0, 0, 0, 0, 0, 0, 1, 0, 0, 1, 0, 1, 0, 1, 0]
listaRecompensa: [0, 10, 10, 10, 10, 10, 10, -10, 10, 10, 10, -10, 10, -10, 10, -10, 10, 10, 10, 10, 10, 10, -10, -10, 10, -10, 10, 10, 10, 10, 10, 10, 10, 10, 10, 10, -10, 10, 10, 10, 10, 10, 10, 10, 10, 10, 10, 10, 10, 10, 10, 10, 10, 10, 10, 10, 10, 10, 10, 10, -10, 10, 10, 10]
Medias: [(0, 0, 0), (314, 207, 0), (526, 349, 0), (4511, 3008, 0), (401, 266, 0), (4335, 2890, 21), (350, 231, 0), (200, 129, 1), (202, 135, 0), (5204, 3469, 0), (528, 350, 0), (323, 214, 0), (3702, 2468, 50), (991, 577, 29), (3934, 2623, 38), (1829, 1220, 41), (2595, 1729, 51), (176, 114, 0), (239, 151, 0), (357, 236, 0), (262, 172, 0), (192, 127, 0), (3677, 2447, 0), (906, 604, 0), (3741, 2494, 55), (254, 169, 24), (405, 269, 0), (301, 198, 0), (251, 164, 0), (221, 125, 0), (347, 231, 0), (399, 261, 0), (344, 229, 0), (5467, 3643, 0), (3421, 2280, 42), (162, 103, 0), (309, 204, 1), (283, 188, 0), (485, 323, 0), (274, 179, 0), (174, 112, 0), (158, 99, 0), (209, 140, 0), (197, 129, 0), (200, 131, 0), (254, 167, 0), (207, 139, 0), (2037, 1359, 0), (1679, 1119, 52), (192, 125, 0), (363, 241, 0), (230, 145, 0), (172, 115, 0), (287, 188, 0), (331, 216, 0), (3614, 2408, 0), (236, 154, 0), (212, 139, 0), (3986, 2658, 0), (151, 97, 0), (416, 277, 0), (331, 218, 0), (5177, 3453, 41), (252, 169, 0)]
Episode:  7 / 20 Score:  63 epsilon:  0.009955207159745181 ação:  1 TempoEpisodio: 4047.6625497341156 Reward: 10
listaacao: [0, 0, 0, 0, 0, 0, 1, 1, 1, 1, 1, 1, 0, 0, 0, 1, 1, 1, 0, 0, 0, 1, 1, 0, 0, 0, 0, 1, 0, 1, 0, 0, 0, 1, 1, 0, 0, 1, 0, 0, 0, 0, 0, 1, 1, 1, 1, 0, 0, 0, 0, 0, 1, 0, 0, 1, 0, 0, 1, 1, 0, 0, 0, 1]
listaRecompensa: [0, 10, 10, 10, 10, 10, -10, 10, 10, 10, 10, 10, 10, -10, 10, 10, 10, 10, -10, 10, 10, -10, 10, 10, 10, 10, 10, 10, -10, 10, 10, -10, 10, 10, 10, 10, 10, 10, 10, -10, 10, 10, 10, 10, 10, 10, 10, 10, 10, 10, 10, 10, 10, 10, 10, 10, 10, 10, 10, 10, 10, 10, 10, 10]
Medias: [(0, 0, 0), (202, 137, 0), (273, 182, 0), (263, 173, 0), (175, 113, 0), (154, 102, 0), (204, 136, 0), (4978, 3318, 53), (4367, 2911, 42), (5563, 3709, 49), (3826, 2550, 40), (3206, 2139, 49), (234, 152, 0), (326, 216, 2), (233, 154, 0), (2704, 1802, 0), (3956, 2635, 26), (1169, 777, 37), (225, 148, 13), (184, 122, 0), (160, 102, 0), (349, 234, 0), (4243, 2831, 54), (165, 109, 0), (334, 220, 0), (249, 164, 0), (363, 241, 0), (4631, 3088, 0), (335, 221, 5), (4077, 2718, 55), (353, 237, 0), (478, 320, 4), (206, 138, 0), (2945, 1964, 0), (4030, 2688, 49), (169, 109, 0), (163, 104, 0), (2586, 1724, 0), (171, 109, 0), (181, 121, 6), (174, 114, 0), (283, 190, 0), (310, 207, 0), (2961, 1973, 0), (2107, 1405, 15), (2609, 1739, 41), (1176, 784, 41), (613, 407, 0), (208, 138, 0), (186, 125, 0), (335, 220, 0), (609, 405, 0), (4271, 2848, 0), (162, 104, 0), (433, 291, 0), (5180, 3454, 0), (269, 178, 0), (208, 135, 0), (5405, 3604, 0), (4913, 3275, 50), (165, 112, 0), (196, 128, 0), (175, 116, 0), (2982, 1988, 0)]
Episode:  8 / 20 Score:  63 epsilon:  0.009955207159745181 ação:  1 TempoEpisodio: 4048.4601747989655 Reward: 10
listaacao: [1, 0, 0, 1, 0, 1, 0, 0, 0, 1, 0, 0, 0, 1, 0, 1, 0, 0, 0, 0, 1, 0, 0, 1, 0, 0, 0, 0, 0, 0, 0, 1, 0, 0, 0, 1, 0, 0, 1, 1, 1, 1, 1, 0, 0, 0, 0, 0, 0, 0, 0, 0, 1, 1, 1, 1, 0, 0, 0, 0, 1, 0, 0, 1]
listaRecompensa: [0, -10, 10, 10, -10, 10, 10, 10, -10, 10, 10, 10, -10, 10, 10, 10, 10, 10, 10, 10, -10, 10, -10, 10, 10, 10, 10, 10, 10, 10, 10, 10, 10, 10, -10, 10, 10, -10, 10, 10, 10, -10, 10, -10, 10, 10, 10, 10, 10, 10, 10, 10, 10, 10, 10, 10, 10, 10, 10, 10, 10, 10, 10, 10]
Medias: [(0, 0, 0), (338, 223, 2), (339, 226, 0), (4035, 2689, 0), (1157, 768, 54), (3254, 2170, 56), (168, 109, 0), (208, 139, 0), (2681, 1788, 0), (1932, 1287, 0), (450, 302, 0), (231, 154, 0), (2486, 1657, 0), (4640, 3093, 0), (166, 106, 0), (4728, 3151, 0), (177, 118, 0), (156, 99, 0), (229, 149, 0), (169, 107, 0), (320, 212, 0), (267, 174, 0), (4406, 2936, 55), (4424, 2950, 0), (446, 296, 0), (182, 118, 0), (227, 149, 0), (172, 110, 0), (168, 106, 0), (214, 140, 0), (503, 334, 0), (4855, 3236, 0), (218, 153, 0), (161, 105, 0), (1249, 835, 0), (3327, 2218, 0), (275, 181, 0), (1345, 891, 0), (1563, 1039, 0), (1827, 1217, 51), (862, 573, 46), (400, 265, 0), (4474, 2982, 55), (208, 139, 3), (346, 230, 0), (143, 91, 0), (207, 136, 0), (184, 118, 0), (158, 103, 0), (184, 121, 0), (417, 275, 0), (153, 98, 0), (4413, 2942, 0), (4099, 2734, 43), (4709, 3140, 49), (5195, 3464, 56), (260, 173, 0), (210, 140, 0), (305, 203, 0), (214, 142, 0), (4418, 2946, 0), (307, 205, 0), (397, 263, 0), (4422, 2945, 0)]
Episode:  9 / 20 Score:  63 epsilon:  0.009955207159745181 ação:  0 TempoEpisodio: 4049.6033942699432 Reward: 10
listaacao: [1, 0, 1, 1, 0, 0, 1, 0, 1, 0, 0, 0, 0, 0, 0, 0, 1, 0, 1, 0, 0, 0, 0, 0, 0, 1, 1, 1, 0, 0, 1, 1, 0, 0, 0, 0, 1, 0, 0, 0, 0, 0, 0, 1, 0, 1, 1, 0, 1, 0, 1, 0, 1, 0, 0, 0, 0, 0, 0, 0, 0, 1, 1, 0]
listaRecompensa: [0, 10, 10, 10, -10, -10, 10, 10, 10, 10, 10, 10, 10, 10, 10, 10, 10, 10, 10, 10, -10, 10, 10, 10, 10, 10, 10, 10, 10, -10, 10, 10, 10, -10, 10, -10, 10, 10, 10, 10, 10, 10, 10, 10, 10, 10, 10, 10, 10, 10, 10, 10, 10, 10, 10, 10, 10, 10, 10, 10, 10, 10, 10, 10]
Medias: [(0, 0, 0), (199, 134, 0), (2169, 1444, 0), (4383, 2921, 15), (1811, 1207, 49), (3030, 2020, 0), (1114, 743, 0), (350, 229, 0), (3417, 2277, 0), (327, 216, 0), (158, 106, 0), (210, 140, 0), (159, 99, 0), (178, 116, 0), (207, 132, 0), (183, 118, 0), (4279, 2854, 0), (168, 105, 0), (4391, 2927, 51), (329, 215, 0), (226, 154, 1), (253, 166, 0), (390, 260, 0), (262, 172, 0), (258, 175, 0), (3982, 2606, 0), (4796, 3132, 20), (3933, 2622, 57), (470, 310, 0), (1417, 944, 0), (3811, 2540, 0), (2106, 1402, 34), (226, 151, 0), (247, 161, 1), (217, 143, 0), (1967, 1311, 0), (1222, 812, 0), (211, 138, 0), (180, 117, 0), (230, 152, 0), (169, 114, 0), (382, 255, 0), (221, 149, 0), (4160, 2773, 0), (170, 107, 0), (4130, 2755, 53), (5024, 3349, 23), (179, 117, 0), (5300, 3534, 55), (274, 182, 0), (4532, 3022, 20), (200, 130, 0), (2861, 1906, 56), (285, 192, 0), (201, 132, 0), (407, 273, 0), (167, 110, 0), (302, 200, 0), (459, 304, 0), (387, 255, 0), (188, 120, 0), (2453, 1633, 0), (1691, 1127, 32), (190, 124, 0)]
Episode:  10 / 20 Score:  63 epsilon:  0.009955207159745181 ação:  0 TempoEpisodio: 4044.885623216629 Reward: 10
listaacao: [0, 1, 0, 0, 0, 0, 0, 0, 0, 0, 0, 0, 1, 0, 0, 0, 1, 0, 0, 1, 1, 0, 0, 0, 1, 1, 1, 1, 1, 0, 1, 1, 0, 1, 1, 0, 0, 0, 0, 0, 0, 0, 1, 0, 0, 0, 0, 0, 0, 1, 0, 0, 0, 1, 0, 0, 1, 1, 0, 0, 0, 0, 0, 0]
listaRecompensa: [0, 10, 10, 10, 10, 10, 10, 10, 10, 10, 10, 10, 10, 10, 10, 10, 10, -10, 10, 10, 10, 10, 10, 10, 10, 10, 10, 10, 10, -10, 10, 10, -10, 10, 10, -10, 10, 10, 10, 10, 10, 10, 10, 10, 10, 10, 10, 10, 10, 10, 10, 10, 10, 10, 10, 10, 10, 10, 10, 10, 10, 10, 10, 10]
Medias: [(0, 0, 0), (3603, 2401, 0), (487, 320, 0), (172, 104, 0), (228, 146, 0), (166, 109, 0), (196, 126, 0), (160, 103, 0), (197, 132, 0), (239, 158, 0), (161, 101, 0), (208, 141, 0), (4713, 3143, 0), (172, 111, 0), (259, 174, 0), (170, 106, 0), (5190, 3461, 0), (193, 129, 1), (185, 124, 0), (4808, 3205, 0), (4543, 3029, 23), (426, 282, 0), (250, 166, 0), (302, 200, 0), (1322, 879, 0), (4143, 2761, 36), (2740, 1822, 44), (2289, 1522, 44), (1967, 1308, 41), (2793, 1861, 48), (816, 542, 52), (3704, 2470, 48), (375, 248, 54), (4307, 2872, 1), (4638, 3092, 29), (390, 258, 7), (189, 122, 0), (164, 104, 0), (218, 144, 0), (160, 107, 0), (248, 168, 0), (268, 178, 0), (5051, 3366, 0), (168, 104, 0), (251, 166, 0), (273, 180, 0), (265, 178, 0), (211, 142, 0), (208, 139, 0), (3604, 2403, 0), (171, 113, 0), (179, 115, 0), (780, 509, 0), (3697, 2463, 0), (233, 152, 0), (198, 131, 0), (2353, 1570, 0), (2340, 1558, 47), (192, 129, 0), (253, 169, 0), (304, 203, 0), (222, 146, 0), (162, 102, 0), (188, 126, 0)]
Episode:  11 / 20 Score:  63 epsilon:  0.009955207159745181 ação:  0 TempoEpisodio: 4049.966843366623 Reward: 10
listaacao: [0, 1, 0, 1, 1, 0, 0, 0, 0, 0, 0, 0, 0, 0, 0, 0, 0, 0, 0, 0, 0, 0, 0, 0, 0, 0, 0, 1, 1, 0, 0, 0, 0, 0, 0, 1, 0, 0, 0, 0, 1, 0, 0, 0, 0, 1, 1, 0, 0, 1, 0, 1, 1, 0, 0, 0, 0, 0, 1, 0, 0, 0, 0, 0]
listaRecompensa: [0, 10, 10, 10, 10, 10, -10, 10, 10, 10, 10, 10, 10, 10, 10, 10, 10, 10, 10, 10, 10, 10, 10, 10, 10, 10, 10, 10, 10, 10, 10, 10, 10, 10, 10, 10, -10, 10, 10, 10, 10, 10, -10, 10, 10, 10, 10, -10, -10, 10, 10, 10, 10, -10, 10, 10, 10, 10, 10, 10, 10, 10, 10, 10]
Medias: [(0, 0, 0), (5364, 3577, 0), (171, 109, 0), (5144, 3429, 19), (3982, 2655, 25), (176, 114, 0), (397, 268, 7), (187, 125, 0), (259, 170, 0), (355, 237, 0), (347, 234, 0), (200, 131, 0), (174, 117, 0), (215, 143, 0), (428, 285, 0), (173, 113, 0), (599, 397, 0), (267, 179, 0), (343, 230, 0), (361, 240, 0), (218, 143, 0), (249, 164, 0), (302, 199, 0), (309, 203, 0), (223, 148, 0), (291, 192, 0), (334, 221, 0), (4214, 2806, 0), (4365, 2911, 52), (299, 198, 0), (176, 117, 0), (187, 121, 0), (181, 119, 0), (243, 161, 0), (392, 261, 0), (3230, 2153, 0), (5317, 3547, 37), (183, 119, 0), (200, 135, 0), (213, 135, 0), (4169, 2780, 0), (216, 142, 0), (161, 106, 1), (371, 248, 0), (170, 111, 0), (4453, 2968, 0), (3350, 2234, 46), (1050, 698, 46), (4275, 2849, 51), (2016, 1343, 0), (297, 192, 0), (2318, 1544, 0), (1723, 1150, 16), (205, 132, 13), (466, 310, 0), (264, 177, 0), (257, 172, 0), (185, 117, 0), (4748, 3166, 0), (334, 220, 0), (230, 155, 0), (276, 180, 0), (336, 225, 0), (423, 281, 0)]
Episode:  12 / 20 Score:  63 epsilon:  0.009955207159745181 ação:  0 TempoEpisodio: 4052.29678940773 Reward: 10
listaacao: [1, 0, 1, 0, 0, 0, 0, 0, 0, 1, 0, 0, 0, 0, 0, 0, 0, 0, 1, 0, 1, 1, 1, 1, 0, 1, 0, 1, 0, 1, 1, 0, 0, 0, 1, 1, 0, 0, 0, 0, 0, 1, 1, 1, 1, 0, 0, 0, 1, 1, 0, 0, 0, 0, 1, 1, 1, 0, 0, 1, 0, 0, 0, 0]
listaRecompensa: [0, 10, 10, 10, 10, -10, 10, 10, 10, 10, -10, -10, 10, 10, 10, 10, 10, -10, 10, 10, 10, 10, -10, 10, 10, 10, 10, 10, 10, 10, -10, 10, -10, 10, 10, -10, 10, 10, 10, 10, 10, 10, 10, 10, 10, 10, 10, 10, 10, 10, 10, 10, 10, 10, 10, 10, 10, 10, 10, -10, 10, -10, 10, 10]
Medias: [(0, 0, 0), (260, 173, 0), (5073, 3381, 54), (325, 218, 0), (258, 170, 0), (5655, 3771, 0), (180, 117, 0), (392, 261, 0), (417, 280, 0), (4310, 2873, 0), (422, 282, 56), (3432, 2287, 36), (164, 107, 0), (203, 131, 0), (186, 123, 0), (312, 209, 0), (224, 147, 0), (2603, 1735, 0), (1136, 758, 0), (199, 128, 0), (3708, 2472, 0), (4990, 3326, 49), (262, 174, 0), (4843, 3230, 50), (296, 196, 0), (5007, 3336, 55), (271, 181, 0), (5268, 3511, 45), (172, 112, 0), (3145, 2096, 28), (224, 149, 0), (172, 113, 0), (172, 111, 1), (229, 151, 0), (4599, 3067, 0), (229, 152, 0), (336, 225, 0), (172, 110, 0), (444, 296, 0), (204, 133, 0), (256, 168, 0), (1151, 766, 0), (2374, 1581, 44), (2259, 1505, 51), (1300, 865, 47), (352, 237, 0), (189, 126, 0), (254, 167, 0), (4017, 2677, 0), (4818, 3200, 51), (197, 129, 0), (322, 216, 0), (219, 144, 0), (162, 102, 0), (5324, 3549, 0), (4307, 2872, 27), (5073, 3382, 47), (201, 134, 0), (197, 130, 0), (306, 205, 0), (169, 109, 0), (257, 171, 1), (473, 315, 0), (148, 98, 0)]
Episode:  13 / 20 Score:  63 epsilon:  0.009955207159745181 ação:  0 TempoEpisodio: 4048.719108581543 Reward: 10
listaacao: [0, 1, 1, 0, 0, 1, 0, 0, 1, 1, 0, 0, 1, 0, 0, 0, 0, 0, 0, 1, 1, 0, 1, 0, 0, 0, 0, 0, 1, 0, 0, 1, 0, 0, 0, 0, 0, 1, 1, 1, 0, 1, 0, 0, 0, 1, 1, 0, 1, 0, 0, 0, 0, 0, 0, 0, 0, 1, 0, 0, 0, 1, 0, 0]
listaRecompensa: [0, 10, 10, -10, -10, -10, 10, 10, 10, 10, 10, 10, -10, -10, -10, 10, 10, 10, 10, 10, 10, -10, 10, 10, -10, 10, 10, 10, 10, 10, 10, 10, 10, -10, 10, 10, 10, 10, 10, 10, 10, 10, 10, 10, 10, 10, 10, 10, 10, -10, 10, 10, 10, 10, 10, 10, 10, -10, 10, -10, 10, 10, 10, 10]
Medias: [(0, 0, 0), (4287, 2860, 0), (4749, 3166, 31), (420, 282, 6), (274, 180, 2), (397, 265, 0), (281, 186, 0), (164, 104, 0), (2327, 1550, 0), (2044, 1361, 51), (167, 103, 0), (308, 204, 0), (200, 130, 0), (2654, 1768, 48), (170, 110, 5), (431, 286, 0), (189, 120, 0), (165, 102, 0), (474, 316, 0), (4597, 3064, 0), (4715, 3143, 50), (236, 156, 11), (4201, 2802, 33), (182, 117, 0), (472, 315, 1), (267, 180, 0), (512, 343, 0), (214, 145, 0), (4412, 2941, 0), (409, 273, 0), (256, 170, 0), (4463, 2974, 0), (264, 176, 0), (275, 181, 2), (181, 120, 0), (171, 113, 0), (295, 194, 0), (2464, 1642, 0), (4771, 3182, 46), (1042, 694, 28), (308, 205, 0), (2676, 1781, 0), (489, 325, 0), (174, 111, 0), (305, 204, 0), (4586, 3058, 0), (4120, 2745, 50), (172, 108, 0), (4573, 3049, 55), (405, 269, 1), (249, 166, 0), (226, 154, 0), (220, 144, 0), (239, 158, 0), (301, 200, 0), (256, 168, 0), (332, 218, 0), (426, 283, 0), (302, 199, 0), (409, 277, 1), (588, 393, 0), (3539, 2358, 0), (425, 284, 0), (222, 143, 0)]
Episode:  14 / 20 Score:  63 epsilon:  0.009955207159745181 ação:  0 TempoEpisodio: 4050.5798943042755 Reward: 10
listaacao: [0, 0, 0, 0, 0, 1, 1, 1, 0, 0, 0, 1, 1, 0, 0, 1, 1, 0, 0, 0, 0, 1, 0, 1, 1, 1, 0, 1, 0, 0, 1, 1, 0, 1, 1, 0, 0, 0, 1, 0, 0, 1, 1, 0, 0, 1, 0, 0, 1, 0, 1, 0, 0, 0, 0, 1, 1, 0, 0, 0, 0, 0, 0, 0]
listaRecompensa: [0, 10, 10, 10, 10, 10, 10, 10, 10, -10, 10, 10, 10, 10, 10, 10, 10, -10, 10, 10, 10, 10, -10, 10, 10, 10, 10, -10, 10, 10, -10, -10, 10, 10, 10, 10, 10, 10, 10, 10, 10, 10, 10, 10, 10, 10, 10, 10, 10, 10, 10, -10, -10, 10, 10, 10, 10, 10, 10, 10, 10, 10, 10, 10]
Medias: [(0, 0, 0), (145, 97, 0), (176, 111, 0), (176, 113, 0), (169, 109, 0), (2712, 1805, 0), (4056, 2705, 44), (493, 322, 19), (367, 242, 0), (260, 172, 6), (359, 235, 0), (5183, 3455, 0), (4855, 3202, 32), (165, 107, 0), (221, 149, 0), (4604, 3069, 0), (4962, 3307, 42), (253, 168, 2), (381, 255, 0), (161, 103, 0), (409, 272, 0), (5355, 3571, 0), (347, 231, 1), (4568, 3044, 55), (4083, 2723, 38), (3364, 2244, 49), (223, 146, 0), (201, 133, 0), (261, 172, 0), (254, 169, 0), (232, 155, 0), (256, 169, 0), (483, 316, 0), (3055, 2037, 3), (847, 545, 34), (195, 126, 0), (287, 193, 0), (250, 162, 0), (5512, 3675, 0), (230, 148, 0), (309, 205, 0), (4395, 2930, 0), (4633, 3089, 32), (191, 121, 0), (215, 139, 0), (4023, 2683, 0), (321, 214, 0), (241, 160, 0), (4561, 3041, 0), (218, 142, 0), (4932, 3288, 58), (314, 208, 1), (304, 202, 1), (293, 195, 0), (665, 439, 0), (4051, 2699, 0), (3159, 2108, 45), (263, 175, 0), (219, 146, 0), (185, 121, 0), (226, 151, 0), (257, 172, 0), (315, 208, 0), (174, 116, 0)]
Episode:  15 / 20 Score:  63 epsilon:  0.009955207159745181 ação:  0 TempoEpisodio: 4050.8577206134796 Reward: 10
listaacao: [0, 0, 0, 0, 1, 0, 1, 1, 0, 1, 1, 0, 0, 0, 0, 0, 1, 0, 0, 0, 0, 1, 1, 1, 1, 0, 0, 0, 1, 0, 0, 0, 1, 1, 0, 0, 0, 1, 0, 1, 0, 0, 0, 0, 1, 1, 0, 0, 0, 1, 0, 0, 0, 1, 0, 0, 0, 1, 0, 0, 1, 0, 0, 0]
listaRecompensa: [0, 10, 10, 10, 10, 10, -10, 10, -10, 10, 10, -10, -10, 10, 10, 10, 10, 10, 10, 10, -10, 10, 10, 10, 10, 10, 10, -10, 10, 10, 10, 10, 10, 10, 10, 10, 10, 10, 10, 10, 10, -10, 10, 10, -10, 10, 10, 10, 10, 10, 10, 10, 10, -10, 10, 10, 10, 10, 10, 10, 10, -10, 10, 10]
Medias: [(0, 0, 0), (224, 146, 0), (183, 123, 0), (150, 97, 0), (3930, 2621, 0), (186, 122, 0), (613, 408, 0), (4540, 3027, 53), (585, 389, 22), (4228, 2819, 56), (377, 253, 4), (277, 183, 1), (400, 266, 10), (240, 157, 0), (368, 242, 0), (476, 315, 0), (1826, 1171, 0), (186, 127, 0), (259, 173, 0), (259, 175, 0), (1262, 841, 0), (5330, 3554, 0), (4809, 3206, 15), (3357, 2237, 23), (1966, 1310, 47), (235, 157, 0), (186, 122, 0), (3675, 2447, 0), (4572, 3049, 0), (623, 414, 0), (233, 154, 0), (274, 183, 0), (5024, 3348, 0), (270, 180, 2), (198, 127, 0), (276, 186, 0), (173, 109, 0), (4726, 3151, 0), (154, 99, 0), (2985, 1989, 37), (291, 194, 0), (242, 162, 2), (214, 140, 0), (214, 141, 0), (318, 213, 0), (4061, 2707, 22), (365, 242, 0), (266, 176, 0), (835, 556, 0), (2640, 1763, 0), (371, 243, 0), (224, 148, 0), (228, 151, 0), (238, 156, 0), (174, 113, 0), (362, 239, 0), (223, 148, 0), (4025, 2684, 0), (609, 407, 0), (181, 121, 0), (4819, 3214, 0), (190, 122, 1), (184, 121, 0), (294, 196, 0)]
Episode:  16 / 20 Score:  63 epsilon:  0.009955207159745181 ação:  0 TempoEpisodio: 4052.875365972519 Reward: 10
listaacao: [1, 0, 1, 0, 0, 0, 0, 0, 1, 0, 0, 0, 0, 1, 0, 1, 1, 1, 0, 0, 0, 0, 0, 0, 0, 0, 0, 0, 1, 0, 0, 0, 1, 0, 0, 0, 1, 1, 0, 0, 0, 0, 0, 0, 0, 1, 1, 1, 1, 1, 1, 0, 1, 0, 0, 0, 1, 0, 1, 0, 0, 0, 0, 0]
listaRecompensa: [0, 10, 10, 10, 10, 10, 10, 10, 10, 10, 10, 10, 10, 10, -10, 10, 10, 10, 10, 10, 10, 10, 10, 10, 10, 10, 10, 10, 10, 10, 10, 10, 10, 10, 10, 10, 10, 10, -10, 10, 10, 10, 10, 10, -10, 10, 10, 10, 10, 10, 10, 10, 10, 10, 10, 10, 10, 10, 10, 10, 10, 10, 10, 10]
Medias: [(0, 0, 0), (487, 321, 0), (5216, 3478, 46), (297, 201, 0), (363, 241, 0), (260, 169, 0), (162, 107, 0), (201, 131, 0), (4166, 2776, 0), (210, 140, 0), (150, 96, 0), (209, 143, 0), (465, 311, 0), (3158, 2105, 0), (1286, 858, 36), (1965, 1308, 31), (1759, 1174, 33), (2287, 1527, 39), (399, 265, 0), (230, 152, 0), (428, 282, 0), (192, 123, 0), (190, 128, 0), (262, 171, 0), (182, 116, 0), (269, 177, 0), (261, 172, 0), (153, 102, 0), (4438, 2959, 0), (328, 115, 0), (171, 112, 0), (256, 150, 0), (4846, 3232, 0), (526, 351, 0), (421, 282, 0), (312, 208, 0), (5163, 3442, 0), (4777, 3185, 50), (241, 157, 16), (340, 225, 0), (336, 222, 0), (362, 244, 0), (249, 165, 0), (225, 148, 0), (2269, 1513, 0), (4564, 3043, 0), (2190, 1461, 24), (2933, 1956, 42), (1266, 844, 39), (4245, 2831, 52), (849, 561, 27), (175, 112, 0), (3893, 2598, 52), (155, 102, 0), (236, 157, 0), (196, 128, 0), (5033, 3356, 0), (210, 137, 0), (5593, 3729, 57), (305, 202, 0), (314, 209, 0), (396, 261, 0), (181, 119, 0), (323, 215, 0)]
Episode:  17 / 20 Score:  63 epsilon:  0.009955207159745181 ação:  0 TempoEpisodio: 4049.3661448955536 Reward: 10
listaacao: [1, 1, 0, 1, 0, 1, 0, 0, 1, 1, 0, 0, 0, 0, 0, 0, 1, 0, 0, 0, 0, 0, 1, 1, 0, 0, 0, 0, 0, 1, 0, 0, 0, 0, 0, 0, 0, 1, 0, 1, 0, 0, 0, 1, 1, 0, 0, 0, 0, 0, 0, 1, 0, 0, 0, 0, 0, 1, 1, 1, 1, 0, 0, 0]
listaRecompensa: [0, 10, 10, 10, -10, 10, 10, 10, 10, 10, 10, 10, 10, 10, 10, 10, 10, 10, 10, 10, 10, 10, 10, 10, -10, -10, 10, 10, 10, 10, 10, 10, 10, 10, 10, 10, 10, 10, -10, -10, 10, 10, 10, -10, 10, 10, 10, 10, 10, 10, 10, 10, 10, -10, 10, 10, 10, 10, 10, 10, 10, 10, 10, 10]
Medias: [(0, 0, 0), (5119, 3411, 36), (305, 203, 0), (4601, 3068, 39), (578, 388, 57), (3200, 2135, 56), (262, 175, 0), (235, 156, 0), (1956, 1302, 0), (2769, 1844, 15), (246, 167, 0), (252, 165, 0), (157, 102, 0), (173, 112, 0), (215, 141, 0), (270, 176, 0), (4982, 3321, 0), (289, 192, 0), (171, 111, 0), (241, 151, 0), (185, 123, 0), (375, 248, 0), (3899, 2602, 0), (4841, 3227, 55), (4442, 2961, 51), (3935, 2624, 53), (163, 105, 0), (378, 252, 0), (179, 121, 0), (4968, 3312, 0), (220, 144, 0), (383, 254, 0), (169, 108, 0), (308, 204, 0), (223, 150, 0), (188, 123, 0), (176, 117, 0), (1724, 1151, 0), (2944, 1964, 45), (182, 118, 0), (166, 108, 0), (167, 105, 0), (376, 251, 0), (205, 138, 0), (4505, 3002, 49), (275, 180, 0), (309, 204, 0), (164, 106, 0), (599, 399, 0), (361, 240, 0), (412, 274, 0), (4717, 3146, 0), (263, 169, 0), (201, 130, 1), (210, 135, 0), (234, 154, 0), (231, 155, 0), (4724, 3150, 0), (5116, 3411, 49), (4825, 3218, 52), (5116, 3412, 49), (212, 141, 0), (159, 104, 0), (176, 117, 0)]
Episode:  18 / 20 Score:  63 epsilon:  0.009955207159745181 ação:  1 TempoEpisodio: 4053.1627469062805 Reward: 10
listaacao: [1, 0, 1, 1, 1, 0, 1, 1, 1, 0, 0, 0, 1, 0, 0, 0, 0, 0, 1, 0, 0, 0, 0, 0, 1, 0, 0, 0, 0, 0, 1, 1, 0, 1, 1, 0, 0, 0, 0, 1, 0, 0, 0, 1, 0, 1, 0, 0, 1, 0, 0, 0, 0, 0, 0, 0, 1, 1, 1, 1, 0, 0, 0, 1]
listaRecompensa: [0, -10, 10, 10, 10, -10, 10, 10, 10, -10, 10, 10, 10, 10, -10, 10, 10, 10, -10, 10, 10, 10, 10, 10, -10, 10, 10, 10, -10, 10, 10, 10, 10, 10, 10, 10, -10, 10, 10, 10, 10, 10, 10, 10, -10, 10, 10, 10, 10, 10, -10, 10, 10, -10, 10, 10, 10, -10, 10, 10, 10, 10, 10, 10]
Medias: [(0, 0, 0), (860, 575, 26), (3461, 2308, 54), (1741, 1160, 42), (2423, 1479, 45), (244, 162, 1), (3226, 2149, 0), (1358, 905, 30), (4151, 2767, 54), (312, 206, 29), (171, 110, 0), (166, 111, 0), (4532, 3021, 0), (164, 102, 0), (666, 442, 1), (308, 204, 0), (268, 180, 0), (170, 106, 0), (378, 253, 0), (325, 216, 0), (393, 261, 0), (224, 147, 0), (390, 261, 0), (340, 228, 0), (331, 223, 0), (329, 215, 0), (205, 133, 0), (904, 602, 0), (3692, 2461, 0), (269, 179, 0), (1117, 745, 0), (2545, 1696, 48), (197, 131, 0), (2532, 1686, 3), (1985, 1319, 21), (293, 196, 0), (319, 210, 2), (240, 159, 0), (181, 112, 0), (3979, 2653, 0), (190, 127, 0), (217, 148, 0), (406, 269, 0), (5024, 3350, 0), (486, 320, 1), (4797, 3199, 52), (192, 126, 0), (196, 129, 0), (4497, 2999, 0), (337, 224, 0), (230, 153, 1), (267, 178, 0), (247, 161, 0), (4373, 2915, 0), (180, 115, 0), (790, 519, 0), (3534, 2355, 0), (360, 238, 0), (1533, 1021, 58), (3005, 1987, 51), (218, 143, 0), (167, 108, 0), (177, 117, 0), (3143, 2094, 0)]
Episode:  19 / 20 Score:  63 epsilon:  0.009955207159745181 ação:  0 TempoEpisodio: 4053.354284286499 Reward: 10
listaacao: [1, 1, 0, 0, 0, 0, 0, 1, 1, 0, 0, 1, 1, 1, 0, 0, 1, 0, 0, 0, 1, 0, 1, 0, 0, 0, 1, 1, 0, 0, 0, 1, 0, 0, 0, 1, 0, 1, 0, 1, 0, 1, 0, 0, 0, 1, 0, 0, 1, 0, 0, 0, 1, 0, 0, 1, 1, 0, 0, 0, 0, 0, 0, 0]
listaRecompensa: [0, 10, -10, -10, 10, 10, 10, 10, 10, -10, 10, 10, 10, 10, -10, 10, 10, 10, -10, 10, 10, -10, 10, 10, 10, 10, 10, 10, 10, 10, 10, 10, 10, 10, 10, 10, -10, 10, 10, 10, 10, 10, 10, 10, 10, -10, 10, 10, 10, -10, -10, 10, 10, -10, 10, 10, 10, -10, 10, 10, 10, 10, 10, 10]
Medias: [(0, 0, 0), (3746, 2494, 46), (549, 365, 2), (309, 207, 3), (226, 146, 0), (264, 179, 0), (237, 153, 0), (3068, 1992, 0), (5341, 3561, 44), (162, 108, 1), (264, 176, 0), (5765, 3844, 0), (3466, 2311, 32), (4157, 2771, 45), (180, 122, 1), (150, 91, 0), (5051, 3366, 0), (361, 239, 0), (303, 202, 18), (267, 174, 0), (4155, 2768, 0), (4687, 3125, 36), (2309, 1542, 20), (240, 158, 0), (391, 263, 0), (219, 145, 0), (2588, 1720, 0), (1201, 801, 40), (233, 152, 0), (449, 297, 0), (272, 182, 0), (4107, 2738, 0), (423, 283, 0), (162, 109, 0), (162, 108, 0), (4461, 2974, 0), (294, 197, 1), (4810, 3208, 54), (275, 181, 0), (5211, 3475, 27), (216, 142, 0), (5122, 3413, 53), (291, 199, 0), (286, 191, 0), (186, 122, 0), (288, 191, 0), (337, 222, 0), (326, 215, 0), (4051, 2699, 0), (1428, 950, 55), (2812, 1875, 51), (214, 141, 0), (2431, 1620, 0), (2264, 1508, 20), (223, 142, 0), (3657, 2437, 0), (936, 626, 45), (253, 170, 1), (353, 235, 0), (470, 314, 0), (170, 111, 0), (236, 129, 0), (249, 167, 0), (365, 243, 0)]
