Episode:  0 / 20 Score:  31 epsilon:  0.6142536534626856 ação:  1 TempoEpisodio: 1983.3851902484894 Reward: 10
listaacao: [1, 0, 1, 0, 1, 1, 0, 0, 1, 0, 1, 0, 0, 1, 0, 1, 0, 1, 0, 0, 0, 0, 1, 1, 0, 0, 0, 0, 1, 0, 1, 1]
listaRecompensa: [0, -10, 10, -10, -10, -10, 10, -10, -10, 10, -10, 10, -10, -10, -10, 10, 10, 10, -10, -10, 10, 10, -10, -10, -10, 10, 10, 10, -10, 10, 10, 10]
Medias: [(0, 0, 0), (160, 105, 2), (4775, 3183, 36), (3682, 2456, 37), (584, 388, 0), (167, 106, 0), (231, 152, 0), (265, 177, 2), (160, 107, 0), (222, 146, 0), (234, 158, 0), (437, 293, 0), (5203, 3468, 54), (408, 272, 0), (4621, 3081, 50), (369, 244, 3), (167, 113, 0), (4030, 2686, 58), (5049, 3366, 39), (4783, 3189, 52), (177, 117, 0), (172, 116, 0), (232, 153, 0), (230, 151, 0), (5049, 3271, 54), (289, 192, 0), (218, 143, 0), (235, 155, 0), (175, 111, 0), (309, 207, 0), (4382, 2921, 51), (4088, 2724, 27)]
Episode:  1 / 20 Score:  31 epsilon:  0.23176254155320164 ação:  1 TempoEpisodio: 2019.2776374816895 Reward: -10
listaacao: [1, 1, 0, 0, 1, 1, 1, 1, 1, 0, 1, 0, 1, 1, 0, 1, 1, 0, 1, 1, 1, 0, 0, 0, 0, 1, 1, 1, 0, 0, 0, 1]
listaRecompensa: [0, -10, 10, 10, -10, 10, 10, 10, -10, 10, -10, 10, -10, 10, 10, -10, 10, 10, -10, 10, -10, -10, 10, -10, 10, 10, 10, 10, -10, 10, 10, -10]
Medias: [(0, 0, 0), (175, 112, 0), (257, 169, 0), (280, 185, 0), (468, 312, 0), (1954, 1304, 54), (4155, 2767, 44), (1787, 1193, 43), (178, 123, 0), (180, 116, 0), (202, 132, 0), (236, 155, 0), (186, 125, 0), (4264, 2843, 44), (296, 195, 0), (385, 256, 0), (5104, 3402, 24), (178, 116, 0), (187, 121, 0), (4703, 3136, 46), (245, 165, 0), (322, 214, 1), (269, 181, 0), (5282, 3522, 0), (212, 141, 0), (4618, 3081, 0), (5259, 3505, 46), (4429, 2952, 46), (295, 198, 4), (169, 112, 0), (306, 201, 0), (252, 165, 0)]
Episode:  2 / 20 Score:  31 epsilon:  0.08744575691882718 ação:  0 TempoEpisodio: 2018.7497098445892 Reward: 10
listaacao: [1, 1, 0, 1, 0, 0, 0, 0, 0, 0, 0, 0, 0, 1, 1, 0, 0, 1, 1, 1, 1, 1, 0, 0, 0, 1, 0, 1, 0, 0, 0, 0]
listaRecompensa: [0, 10, 10, -10, 10, 10, 10, 10, 10, 10, 10, -10, 10, 10, 10, 10, -10, -10, -10, -10, 10, 10, -10, 10, 10, -10, -10, -10, 10, 10, -10, 10]
Medias: [(0, 0, 0), (4202, 2803, 51), (201, 133, 0), (191, 125, 0), (230, 153, 0), (319, 211, 0), (259, 173, 0), (159, 101, 0), (167, 110, 0), (210, 139, 0), (287, 190, 0), (3431, 2288, 0), (513, 344, 0), (3808, 2539, 0), (4701, 3135, 37), (236, 160, 0), (187, 123, 1), (159, 104, 0), (297, 197, 0), (359, 239, 0), (4454, 2970, 41), (5473, 3650, 52), (245, 165, 1), (171, 116, 0), (246, 162, 0), (192, 122, 0), (5003, 3335, 41), (285, 187, 0), (169, 111, 0), (166, 111, 0), (3968, 2644, 0), (452, 302, 0)]
Episode:  3 / 20 Score:  31 epsilon:  0.03299394437021773 ação:  0 TempoEpisodio: 2019.5318715572357 Reward: 10
listaacao: [1, 0, 0, 0, 0, 1, 0, 0, 0, 0, 0, 1, 0, 0, 0, 1, 0, 0, 1, 0, 0, 0, 0, 1, 1, 0, 1, 0, 0, 0, 0, 0]
listaRecompensa: [0, -10, 10, 10, 10, -10, 10, 10, 10, 10, 10, 10, 10, 10, 10, -10, -10, -10, -10, 10, 10, 10, 10, 10, 10, 10, 10, 10, 10, 10, -10, 10]
Medias: [(0, 0, 0), (388, 260, 1), (301, 200, 0), (192, 128, 0), (247, 164, 0), (247, 164, 0), (239, 163, 0), (213, 141, 0), (183, 118, 0), (281, 184, 0), (206, 135, 0), (4549, 3032, 0), (295, 196, 0), (379, 254, 0), (378, 249, 0), (467, 313, 0), (257, 171, 1), (4662, 3108, 58), (345, 228, 0), (257, 171, 0), (335, 226, 0), (295, 191, 0), (180, 118, 0), (5091, 3393, 0), (4755, 3170, 48), (313, 208, 0), (4563, 3040, 47), (152, 97, 0), (158, 98, 0), (226, 148, 0), (4732, 3156, 0), (160, 106, 0)]
Episode:  4 / 20 Score:  31 epsilon:  0.012448864341302825 ação:  0 TempoEpisodio: 2020.2660067081451 Reward: -10
listaacao: [1, 0, 1, 1, 1, 0, 0, 1, 1, 1, 1, 0, 0, 0, 0, 0, 0, 1, 0, 0, 0, 0, 0, 1, 0, 0, 1, 0, 0, 0, 0, 0]
listaRecompensa: [0, -10, 10, 10, 10, -10, 10, -10, -10, -10, -10, 10, 10, 10, 10, 10, 10, -10, -10, 10, 10, 10, 10, 10, 10, 10, 10, 10, 10, 10, 10, -10]
Medias: [(0, 0, 0), (1086, 724, 46), (2918, 1945, 51), (2329, 1551, 56), (1903, 1268, 50), (272, 180, 1), (176, 112, 0), (256, 167, 0), (311, 204, 0), (273, 178, 0), (316, 211, 0), (179, 119, 0), (211, 137, 0), (237, 157, 0), (308, 207, 0), (165, 107, 0), (163, 104, 0), (283, 190, 0), (4419, 2946, 52), (499, 335, 0), (182, 120, 0), (178, 120, 0), (205, 135, 0), (5414, 3609, 0), (186, 124, 0), (171, 108, 0), (4516, 3010, 0), (271, 179, 0), (174, 118, 0), (204, 135, 0), (177, 118, 0), (1351, 899, 0)]
Episode:  5 / 20 Score:  31 epsilon:  0.009756714760036816 ação:  0 TempoEpisodio: 2019.7075209617615 Reward: 10
listaacao: [1, 0, 0, 0, 0, 0, 1, 0, 1, 0, 0, 1, 1, 1, 1, 1, 0, 0, 1, 0, 1, 0, 0, 0, 1, 0, 0, 1, 0, 0, 0, 0]
listaRecompensa: [0, 10, 10, 10, 10, 10, -10, 10, 10, 10, 10, 10, -10, 10, 10, 10, 10, 10, 10, 10, 10, 10, 10, 10, 10, 10, 10, 10, 10, -10, 10, 10]
Medias: [(0, 0, 0), (187, 128, 0), (365, 243, 0), (371, 246, 0), (209, 135, 0), (174, 114, 0), (219, 142, 0), (249, 135, 0), (3858, 2572, 0), (375, 246, 0), (356, 236, 0), (4012, 2674, 0), (191, 125, 0), (4286, 2858, 53), (4427, 2951, 53), (4898, 3266, 20), (262, 172, 0), (619, 413, 0), (4943, 3295, 0), (525, 349, 0), (4630, 3086, 58), (193, 128, 0), (187, 119, 0), (214, 140, 0), (4655, 3104, 0), (226, 146, 0), (209, 139, 0), (4404, 2936, 0), (318, 211, 0), (280, 185, 5), (182, 121, 0), (158, 104, 0)]
Episode:  6 / 20 Score:  31 epsilon:  0.009756714760036816 ação:  1 TempoEpisodio: 2021.0026197433472 Reward: 10
listaacao: [1, 0, 0, 0, 0, 0, 1, 0, 1, 0, 1, 0, 1, 0, 1, 0, 0, 1, 1, 1, 0, 0, 0, 0, 0, 1, 0, 1, 0, 1, 0, 1]
listaRecompensa: [0, 10, 10, 10, 10, 10, 10, -10, 10, 10, -10, 10, 10, 10, 10, 10, -10, -10, -10, 10, -10, -10, 10, 10, 10, 10, 10, 10, -10, 10, -10, 10]
Medias: [(0, 0, 0), (274, 178, 0), (183, 118, 0), (231, 154, 0), (263, 173, 0), (191, 124, 0), (2148, 1431, 0), (905, 602, 18), (3440, 2294, 0), (353, 233, 0), (221, 151, 0), (228, 152, 0), (4651, 3102, 53), (327, 218, 0), (4906, 3271, 41), (556, 360, 0), (326, 216, 1), (185, 120, 0), (265, 175, 0), (264, 175, 3), (3159, 2107, 46), (200, 132, 3), (171, 113, 0), (226, 149, 0), (424, 285, 0), (3696, 2465, 0), (296, 196, 0), (4086, 2725, 54), (774, 516, 51), (4887, 3259, 22), (2744, 1827, 28), (1240, 821, 0)]
Episode:  7 / 20 Score:  31 epsilon:  0.009756714760036816 ação:  0 TempoEpisodio: 2022.5146758556366 Reward: 10
listaacao: [0, 0, 0, 0, 1, 1, 0, 0, 0, 0, 0, 0, 1, 1, 0, 0, 0, 1, 0, 0, 1, 1, 1, 1, 1, 1, 0, 1, 1, 1, 0, 0]
listaRecompensa: [0, 10, 10, 10, 10, 10, -10, 10, 10, 10, 10, 10, -10, 10, 10, -10, 10, 10, 10, 10, 10, 10, 10, 10, -10, 10, 10, 10, 10, 10, -10, 10]
Medias: [(0, 0, 0), (333, 221, 0), (267, 176, 0), (377, 249, 0), (4161, 2773, 0), (4842, 3229, 53), (552, 367, 36), (326, 216, 0), (297, 196, 0), (167, 109, 0), (257, 171, 0), (237, 156, 0), (175, 114, 0), (4224, 2817, 32), (212, 137, 0), (2855, 1903, 35), (157, 104, 0), (4634, 3090, 0), (218, 143, 0), (253, 168, 0), (5133, 3422, 0), (4735, 3157, 48), (4775, 3100, 44), (5878, 3919, 55), (159, 102, 0), (3644, 2431, 45), (258, 172, 0), (1013, 674, 0), (4230, 2820, 18), (2931, 1954, 34), (410, 271, 1), (241, 160, 0)]
Episode:  8 / 20 Score:  31 epsilon:  0.009756714760036816 ação:  1 TempoEpisodio: 2019.1662693023682 Reward: 10
listaacao: [1, 1, 0, 1, 0, 0, 1, 0, 0, 1, 0, 1, 1, 0, 0, 0, 0, 0, 0, 0, 0, 0, 1, 1, 1, 1, 0, 1, 0, 0, 0, 1]
listaRecompensa: [0, -10, 10, 10, -10, 10, 10, 10, 10, -10, 10, -10, -10, -10, 10, 10, 10, 10, 10, 10, 10, 10, 10, 10, 10, -10, -10, 10, 10, 10, 10, 10]
Medias: [(0, 0, 0), (546, 365, 0), (93, 61, 0), (3331, 2221, 0), (1184, 788, 23), (169, 106, 0), (4490, 2992, 0), (525, 349, 0), (222, 148, 0), (336, 225, 0), (204, 135, 0), (162, 104, 0), (303, 200, 0), (396, 264, 4), (171, 114, 0), (237, 157, 0), (405, 271, 0), (226, 150, 0), (288, 192, 0), (280, 186, 0), (264, 170, 0), (193, 128, 0), (4694, 3130, 0), (4991, 3329, 32), (208, 136, 4), (232, 155, 0), (1069, 712, 53), (3329, 2219, 53), (273, 179, 0), (195, 129, 0), (202, 134, 0), (2243, 1495, 0)]
Episode:  9 / 20 Score:  31 epsilon:  0.009756714760036816 ação:  0 TempoEpisodio: 2020.8011112213135 Reward: 10
listaacao: [0, 0, 1, 0, 0, 0, 1, 0, 1, 0, 0, 1, 0, 0, 1, 0, 0, 0, 0, 0, 1, 0, 1, 0, 0, 0, 0, 0, 0, 0, 0, 0]
listaRecompensa: [0, 10, 10, 10, 10, 10, 10, -10, 10, -10, 10, 10, -10, 10, 10, 10, -10, 10, 10, 10, 10, 10, 10, 10, 10, 10, 10, 10, 10, 10, 10, 10]
Medias: [(0, 0, 0), (220, 144, 0), (3591, 2393, 0), (186, 119, 0), (283, 189, 0), (317, 213, 0), (4884, 3257, 0), (239, 158, 1), (5201, 3466, 29), (462, 309, 3), (385, 254, 0), (4210, 2807, 0), (784, 521, 1), (198, 132, 0), (4341, 2894, 0), (184, 119, 0), (196, 128, 4), (289, 193, 0), (291, 195, 0), (155, 101, 0), (4830, 3221, 0), (283, 189, 0), (3893, 2595, 38), (299, 198, 0), (191, 125, 0), (214, 141, 0), (256, 168, 0), (203, 129, 0), (246, 163, 0), (218, 145, 0), (226, 148, 0), (207, 136, 0)]
Episode:  10 / 20 Score:  31 epsilon:  0.009756714760036816 ação:  0 TempoEpisodio: 2022.4172065258026 Reward: -10
listaacao: [0, 0, 1, 0, 0, 1, 1, 0, 0, 0, 0, 0, 0, 1, 1, 0, 1, 0, 0, 0, 0, 1, 0, 0, 1, 1, 0, 0, 1, 1, 1, 0]
listaRecompensa: [0, -10, 10, 10, 10, 10, 10, 10, 10, 10, 10, 10, 10, 10, 10, -10, -10, 10, -10, 10, 10, 10, 10, 10, 10, 10, 10, -10, 10, 10, -10, -10]
Medias: [(0, 0, 0), (3911, 2607, 0), (4410, 2940, 0), (290, 189, 0), (328, 216, 0), (5116, 3410, 0), (3875, 2581, 48), (207, 138, 0), (251, 170, 0), (546, 365, 0), (172, 117, 0), (314, 208, 0), (314, 210, 0), (4195, 2798, 0), (5285, 3523, 25), (284, 187, 16), (158, 98, 0), (320, 215, 0), (215, 142, 1), (328, 222, 0), (306, 201, 0), (4804, 3204, 0), (301, 200, 0), (230, 147, 0), (1623, 1082, 0), (3433, 2288, 44), (169, 110, 0), (2593, 1726, 0), (3524, 2348, 0), (2119, 1410, 37), (187, 123, 0), (159, 107, 1)]
Episode:  11 / 20 Score:  31 epsilon:  0.009756714760036816 ação:  0 TempoEpisodio: 2020.8768887519836 Reward: -10
listaacao: [1, 0, 1, 0, 1, 0, 0, 1, 0, 0, 0, 0, 0, 1, 1, 1, 0, 0, 0, 0, 0, 0, 0, 0, 0, 0, 0, 0, 1, 0, 1, 0]
listaRecompensa: [0, -10, -10, 10, 10, 10, 10, 10, 10, 10, 10, 10, 10, 10, -10, -10, 10, 10, 10, 10, 10, 10, 10, 10, 10, 10, -10, -10, 10, 10, 10, -10]
Medias: [(0, 0, 0), (290, 193, 1), (174, 116, 0), (305, 202, 0), (5078, 3352, 23), (182, 121, 0), (213, 141, 0), (4668, 3111, 0), (192, 131, 0), (336, 223, 0), (251, 165, 0), (239, 155, 0), (484, 318, 0), (4286, 2858, 0), (159, 101, 0), (166, 113, 0), (209, 140, 0), (231, 150, 0), (170, 111, 0), (283, 189, 0), (381, 252, 0), (224, 148, 0), (224, 146, 0), (154, 101, 0), (221, 147, 0), (204, 135, 0), (2440, 1627, 0), (5089, 3393, 0), (2259, 1504, 0), (169, 108, 0), (3438, 2291, 0), (4440, 2959, 47)]
Episode:  12 / 20 Score:  31 epsilon:  0.009756714760036816 ação:  1 TempoEpisodio: 2020.4273567199707 Reward: 10
listaacao: [0, 1, 1, 1, 1, 0, 1, 1, 0, 0, 0, 0, 1, 0, 0, 1, 0, 0, 0, 0, 1, 1, 0, 0, 0, 1, 0, 0, 1, 0, 1, 1]
listaRecompensa: [0, -10, 10, -10, -10, 10, 10, 10, 10, 10, 10, 10, 10, 10, 10, -10, 10, -10, 10, 10, 10, 10, 10, 10, 10, 10, 10, 10, 10, -10, 10, 10]
Medias: [(0, 0, 0), (160, 103, 0), (5090, 3394, 49), (347, 234, 0), (165, 105, 0), (455, 303, 0), (4577, 3051, 54), (4497, 2999, 23), (160, 106, 0), (266, 176, 0), (192, 127, 0), (282, 188, 0), (4690, 3126, 0), (233, 152, 0), (220, 147, 0), (286, 187, 0), (323, 216, 0), (292, 194, 1), (260, 174, 0), (259, 170, 0), (3908, 2606, 0), (3264, 2173, 28), (211, 142, 0), (177, 117, 0), (425, 279, 0), (1987, 1324, 0), (629, 420, 0), (192, 126, 0), (3063, 2041, 0), (1173, 782, 43), (4251, 2834, 0), (3880, 2587, 55)]
Episode:  13 / 20 Score:  31 epsilon:  0.009756714760036816 ação:  1 TempoEpisodio: 2018.654188156128 Reward: -10
listaacao: [0, 0, 0, 0, 0, 0, 0, 0, 0, 1, 0, 1, 0, 1, 0, 0, 0, 0, 0, 1, 0, 0, 1, 1, 0, 0, 0, 0, 0, 0, 1, 1]
listaRecompensa: [0, 10, 10, 10, 10, 10, 10, 10, 10, -10, 10, -10, 10, 10, 10, 10, 10, 10, 10, -10, 10, 10, 10, -10, -10, 10, 10, 10, 10, 10, -10, -10]
Medias: [(0, 0, 0), (282, 185, 0), (206, 141, 0), (194, 125, 0), (209, 138, 0), (294, 195, 0), (162, 105, 0), (159, 104, 0), (192, 121, 0), (163, 112, 0), (195, 127, 0), (243, 161, 0), (246, 164, 0), (4661, 3108, 30), (221, 147, 0), (426, 282, 0), (381, 252, 0), (159, 100, 0), (193, 124, 0), (178, 117, 0), (343, 227, 0), (975, 649, 0), (3224, 2149, 0), (337, 224, 0), (356, 236, 1), (388, 258, 0), (513, 341, 0), (179, 121, 0), (181, 118, 0), (214, 142, 0), (347, 232, 0), (300, 200, 0)]
Episode:  14 / 20 Score:  31 epsilon:  0.009756714760036816 ação:  0 TempoEpisodio: 2020.2550313472748 Reward: 10
listaacao: [1, 0, 1, 0, 0, 0, 0, 0, 0, 0, 0, 0, 0, 1, 1, 0, 1, 1, 0, 0, 0, 1, 0, 0, 0, 1, 1, 1, 0, 0, 0, 0]
listaRecompensa: [0, -10, 10, 10, 10, 10, 10, 10, 10, 10, 10, 10, 10, 10, -10, 10, 10, 10, 10, 10, -10, 10, 10, 10, 10, 10, 10, 10, -10, 10, 10, 10]
Medias: [(0, 0, 0), (537, 357, 54), (5002, 3335, 53), (460, 306, 0), (161, 109, 0), (248, 164, 0), (271, 178, 0), (235, 154, 0), (195, 127, 0), (192, 127, 0), (191, 125, 0), (400, 265, 0), (154, 98, 0), (4368, 2912, 0), (273, 180, 0), (246, 163, 0), (4736, 3158, 56), (4362, 2908, 46), (213, 142, 0), (307, 205, 0), (1093, 728, 0), (3468, 2311, 0), (306, 203, 0), (181, 117, 0), (602, 401, 0), (3114, 2078, 0), (1687, 1123, 43), (2797, 1864, 55), (680, 451, 42), (779, 519, 0), (267, 175, 0), (211, 138, 0)]
Episode:  15 / 20 Score:  31 epsilon:  0.009756714760036816 ação:  1 TempoEpisodio: 2020.4101116657257 Reward: 10
listaacao: [1, 1, 0, 0, 0, 0, 0, 1, 0, 1, 0, 1, 0, 1, 0, 0, 0, 0, 0, 0, 1, 0, 1, 1, 0, 0, 0, 0, 0, 1, 0, 1]
listaRecompensa: [0, 10, 10, 10, 10, 10, 10, -10, 10, 10, 10, 10, 10, 10, 10, 10, 10, 10, 10, -10, 10, 10, 10, 10, 10, 10, 10, 10, 10, 10, 10, 10]
Medias: [(0, 0, 0), (4555, 3037, 49), (245, 163, 0), (173, 111, 0), (290, 190, 0), (228, 153, 0), (306, 204, 0), (208, 133, 0), (172, 110, 0), (4754, 3168, 40), (204, 137, 0), (4531, 3021, 35), (172, 114, 0), (4374, 2916, 43), (421, 281, 0), (164, 110, 0), (202, 132, 0), (283, 188, 0), (310, 205, 0), (1624, 1080, 0), (2614, 1743, 0), (264, 176, 0), (2064, 1376, 0), (2298, 1530, 41), (220, 148, 0), (277, 181, 0), (260, 170, 0), (335, 223, 0), (176, 116, 0), (4277, 2851, 0), (285, 187, 0), (5205, 3469, 56)]
Episode:  16 / 20 Score:  31 epsilon:  0.009756714760036816 ação:  0 TempoEpisodio: 2020.6559998989105 Reward: 10
listaacao: [0, 0, 0, 0, 0, 0, 0, 1, 0, 0, 0, 0, 1, 0, 0, 1, 1, 1, 0, 0, 0, 1, 1, 0, 0, 1, 0, 0, 0, 1, 0, 0]
listaRecompensa: [0, 10, 10, 10, 10, 10, 10, 10, 10, 10, 10, 10, -10, 10, 10, -10, 10, -10, 10, 10, 10, 10, 10, -10, 10, 10, -10, 10, 10, 10, -10, 10]
Medias: [(0, 0, 0), (180, 120, 0), (287, 189, 0), (302, 202, 0), (365, 243, 0), (194, 130, 0), (257, 172, 0), (4784, 3191, 0), (167, 109, 0), (183, 116, 0), (191, 127, 0), (160, 104, 0), (169, 112, 0), (168, 108, 0), (235, 156, 0), (200, 134, 0), (3727, 2487, 52), (165, 105, 0), (189, 123, 0), (373, 245, 0), (180, 119, 0), (2106, 1401, 0), (2186, 1455, 43), (194, 126, 2), (198, 127, 0), (3497, 2331, 0), (974, 650, 43), (184, 122, 0), (177, 119, 0), (4815, 3185, 0), (401, 269, 3), (152, 97, 0)]
Episode:  17 / 20 Score:  31 epsilon:  0.009756714760036816 ação:  0 TempoEpisodio: 2020.5821404457092 Reward: 10
listaacao: [0, 0, 0, 0, 0, 0, 0, 1, 0, 0, 1, 0, 0, 0, 0, 1, 1, 1, 1, 0, 0, 0, 1, 0, 1, 1, 0, 1, 0, 0, 0, 0]
listaRecompensa: [0, 10, 10, 10, 10, 10, 10, 10, 10, 10, 10, 10, 10, 10, 10, 10, 10, 10, 10, 10, 10, -10, 10, 10, 10, 10, -10, 10, -10, 10, 10, 10]
Medias: [(0, 0, 0), (175, 118, 0), (350, 232, 0), (260, 172, 0), (159, 102, 0), (284, 186, 0), (375, 250, 0), (5076, 3384, 0), (266, 177, 0), (184, 121, 0), (4608, 3072, 0), (186, 119, 0), (164, 105, 0), (249, 163, 0), (477, 322, 0), (4129, 2754, 0), (4732, 3155, 54), (4838, 3225, 47), (3722, 2480, 32), (247, 163, 0), (189, 124, 0), (1961, 1307, 0), (2126, 1417, 0), (284, 188, 0), (2670, 1779, 0), (4166, 2778, 50), (379, 251, 3), (4269, 2845, 57), (552, 364, 10), (476, 468, 0), (207, 136, 0), (190, 123, 0)]
Episode:  18 / 20 Score:  31 epsilon:  0.009756714760036816 ação:  0 TempoEpisodio: 2023.125853061676 Reward: 10
listaacao: [1, 0, 1, 0, 0, 0, 0, 0, 0, 1, 0, 1, 0, 0, 1, 0, 1, 1, 1, 0, 1, 0, 1, 1, 0, 0, 0, 1, 1, 0, 1, 0]
listaRecompensa: [0, 10, 10, 10, 10, 10, 10, 10, 10, 10, 10, 10, 10, 10, -10, 10, 10, 10, 10, -10, 10, -10, 10, 10, -10, 10, 10, 10, 10, 10, 10, 10]
Medias: [(0, 0, 0), (219, 143, 0), (4559, 3038, 56), (172, 114, 0), (183, 122, 0), (264, 177, 0), (354, 234, 0), (186, 127, 0), (359, 237, 0), (4868, 3243, 0), (238, 159, 0), (4571, 3047, 56), (172, 114, 0), (182, 119, 0), (406, 271, 0), (248, 162, 0), (1790, 1194, 0), (2653, 1770, 24), (2746, 1831, 55), (1168, 777, 29), (1947, 1299, 12), (1201, 786, 13), (3023, 2018, 0), (3755, 2502, 43), (648, 431, 51), (263, 176, 0), (170, 111, 0), (4687, 3126, 0), (4867, 3245, 50), (242, 162, 0), (4667, 3112, 51), (182, 116, 0)]
Episode:  19 / 20 Score:  31 epsilon:  0.009756714760036816 ação:  0 TempoEpisodio: 2021.7265989780426 Reward: 10
listaacao: [0, 0, 0, 0, 0, 0, 1, 0, 0, 1, 1, 1, 0, 1, 0, 0, 0, 0, 0, 0, 0, 0, 0, 1, 0, 0, 0, 1, 0, 0, 0, 0]
listaRecompensa: [0, 10, 10, 10, 10, 10, 10, 10, 10, 10, -10, 10, -10, 10, 10, 10, 10, 10, 10, 10, 10, 10, 10, 10, 10, -10, 10, 10, 10, 10, 10, 10]
Medias: [(0, 0, 0), (171, 108, 0), (285, 191, 0), (240, 157, 0), (287, 188, 0), (181, 120, 0), (3696, 2465, 0), (270, 180, 0), (644, 427, 0), (3906, 2603, 0), (176, 114, 0), (265, 176, 1), (1145, 764, 30), (3724, 2482, 57), (399, 265, 0), (387, 254, 0), (167, 109, 0), (202, 137, 0), (236, 158, 0), (480, 318, 0), (179, 118, 0), (285, 191, 0), (254, 170, 0), (4987, 3289, 0), (250, 165, 0), (572, 381, 11), (219, 145, 0), (4484, 2991, 0), (152, 95, 0), (294, 197, 0), (342, 231, 0), (165, 106, 0)]
