Episode:  0 / 20 Score:  63 epsilon:  0.6165373280202731 ação:  0 TempoEpisodio: 4038.3031220436096 Reward: 10
listaacao: [1, 1, 0, 1, 0, 1, 1, 1, 1, 1, 1, 0, 1, 0, 0, 0, 1, 1, 1, 1, 1, 1, 1, 0, 0, 1, 0, 1, 0, 0, 0, 1, 1, 0, 0, 0, 1, 0, 1, 0, 0, 1, 1, 1, 0, 0, 0, 1, 0, 1, 1, 1, 1, 1, 1, 0, 1, 1, 1, 0, 1, 1, 0, 0]
listaRecompensa: [0, 10, 10, -10, -10, -10, 10, -10, -10, 10, -10, -10, -10, -10, -10, 10, 10, -10, 10, 10, 10, -10, -10, 10, -10, -10, 10, -10, 10, -10, 10, -10, -10, -10, -10, -10, 10, -10, 10, 10, -10, 10, 10, 10, -10, 10, 10, 10, 10, -10, -10, -10, -10, -10, -10, -10, -10, -10, -10, 10, -10, -10, -10, 10]
Medias: [(0, 0, 0), (3656, 2437, 45), (257, 174, 0), (201, 132, 0), (5075, 3384, 51), (425, 284, 0), (418, 279, 2), (350, 231, 0), (218, 146, 0), (293, 192, 1), (186, 122, 0), (5320, 3547, 50), (284, 189, 0), (307, 203, 1), (225, 150, 1), (494, 329, 0), (4659, 3106, 0), (278, 184, 0), (318, 212, 2), (5054, 3369, 53), (4992, 3328, 47), (456, 302, 0), (238, 161, 0), (234, 152, 0), (368, 245, 12), (226, 150, 0), (190, 119, 0), (228, 149, 0), (182, 123, 0), (340, 228, 2), (250, 165, 0), (340, 155, 0), (169, 112, 0), (4276, 2852, 53), (3862, 2575, 46), (3763, 2509, 0), (3720, 2480, 0), (184, 123, 2), (4726, 3150, 56), (166, 107, 0), (1502, 1001, 0), (2298, 1536, 0), (3200, 2137, 50), (3806, 2536, 47), (591, 391, 42), (155, 100, 0), (259, 170, 0), (3771, 2515, 0), (221, 146, 0), (174, 108, 0), (188, 128, 0), (167, 112, 0), (286, 189, 0), (437, 293, 0), (190, 123, 0), (197, 129, 2), (220, 144, 0), (235, 153, 0), (199, 129, 0), (178, 117, 0), (247, 164, 0), (495, 327, 0), (4684, 3122, 44), (194, 128, 0)]
Episode:  1 / 20 Score:  63 epsilon:  0.23435710673607021 ação:  0 TempoEpisodio: 4182.915244102478 Reward: 10
listaacao: [1, 0, 1, 1, 0, 1, 1, 1, 1, 0, 1, 1, 0, 0, 1, 1, 1, 0, 1, 0, 0, 1, 0, 0, 1, 1, 0, 0, 0, 1, 1, 1, 0, 1, 1, 1, 1, 1, 1, 0, 0, 1, 0, 1, 0, 1, 0, 0, 0, 1, 0, 0, 0, 0, 1, 1, 1, 0, 1, 0, 0, 1, 0, 0]
listaRecompensa: [0, 10, -10, 10, 10, 10, 10, 10, 10, -10, 10, 10, 10, -10, -10, 10, -10, -10, 10, 10, -10, 10, 10, -10, -10, -10, -10, 10, 10, -10, -10, 10, -10, -10, 10, 10, -10, 10, -10, 10, 10, -10, -10, 10, 10, 10, 10, 10, -10, -10, -10, -10, 10, 10, -10, -10, 10, -10, 10, -10, -10, -10, 10, 10]
Medias: [(0, 0, 0), (256, 172, 0), (188, 125, 0), (3888, 2591, 25), (273, 181, 0), (1317, 876, 0), (4683, 3121, 43), (2543, 1696, 45), (3452, 2301, 50), (559, 368, 23), (5330, 3480, 59), (4073, 2715, 46), (186, 122, 0), (4950, 3300, 37), (193, 131, 0), (4156, 2771, 27), (205, 131, 0), (366, 243, 1), (3496, 2331, 27), (174, 115, 0), (1550, 1032, 4), (2444, 1629, 0), (563, 374, 0), (199, 130, 4), (268, 177, 0), (268, 177, 0), (293, 190, 1), (155, 102, 0), (176, 116, 0), (199, 133, 0), (300, 201, 0), (177, 122, 1), (324, 214, 2), (799, 531, 0), (4491, 2994, 49), (2942, 1961, 47), (197, 129, 0), (253, 165, 1), (240, 159, 0), (352, 230, 0), (171, 114, 0), (202, 135, 0), (4715, 3143, 56), (378, 248, 21), (349, 232, 0), (215, 142, 3), (174, 113, 0), (180, 123, 0), (3359, 2238, 0), (180, 117, 0), (2374, 1581, 52), (1538, 1022, 54), (273, 179, 0), (366, 245, 0), (178, 114, 0), (225, 150, 0), (4949, 3299, 49), (229, 154, 1), (4744, 3164, 56), (3991, 2661, 55), (349, 232, 1), (331, 220, 0), (186, 123, 0), (249, 166, 0)]
Episode:  2 / 20 Score:  63 epsilon:  0.08908341957828028 ação:  0 TempoEpisodio: 4187.203237295151 Reward: -10
listaacao: [0, 1, 0, 1, 0, 1, 1, 0, 1, 0, 1, 1, 1, 0, 0, 0, 1, 1, 1, 1, 0, 0, 1, 1, 1, 0, 0, 1, 1, 0, 1, 1, 0, 1, 0, 1, 1, 0, 1, 0, 1, 0, 1, 0, 0, 1, 1, 1, 0, 0, 0, 0, 0, 1, 0, 1, 1, 1, 0, 0, 0, 1, 0, 0]
listaRecompensa: [0, 10, -10, 10, 10, -10, 10, 10, -10, 10, 10, -10, 10, 10, 10, 10, -10, 10, 10, 10, 10, 10, 10, 10, 10, 10, 10, 10, -10, 10, 10, 10, 10, 10, 10, 10, -10, 10, 10, 10, 10, -10, 10, 10, 10, -10, 10, -10, -10, 10, -10, 10, 10, 10, 10, -10, 10, 10, 10, 10, 10, 10, 10, -10]
Medias: [(0, 0, 0), (2899, 1932, 0), (1177, 780, 32), (2794, 1861, 0), (202, 134, 0), (312, 209, 0), (3402, 2269, 30), (215, 141, 0), (174, 113, 0), (180, 121, 0), (195, 130, 2), (178, 118, 0), (4384, 2923, 56), (189, 120, 0), (243, 165, 0), (464, 310, 0), (403, 269, 0), (3535, 2356, 47), (3844, 2565, 43), (5158, 3439, 58), (202, 134, 0), (188, 125, 0), (5042, 3362, 0), (4589, 3058, 43), (4674, 3116, 50), (207, 138, 0), (158, 109, 0), (3890, 2592, 0), (256, 167, 0), (256, 173, 0), (2964, 1974, 1), (1431, 954, 55), (304, 199, 0), (4744, 3162, 52), (185, 124, 0), (3387, 2259, 34), (281, 186, 0), (224, 149, 0), (515, 343, 3), (248, 161, 0), (5016, 3344, 53), (872, 583, 58), (3290, 2191, 61), (191, 124, 0), (224, 148, 0), (304, 199, 0), (3514, 2343, 52), (174, 116, 0), (455, 300, 1), (271, 178, 0), (3729, 2486, 0), (272, 178, 0), (248, 165, 0), (4768, 3179, 0), (335, 221, 0), (174, 113, 0), (925, 611, 51), (3256, 2172, 48), (394, 261, 0), (252, 169, 0), (199, 131, 0), (4393, 2929, 0), (166, 109, 0), (228, 153,2)]
Episode:  3 / 20 Score:  63 epsilon:  0.033862235945322436 ação:  1 TempoEpisodio: 4185.6122460365295 Reward: -10
listaacao: [1, 0, 1, 0, 0, 0, 1, 1, 1, 1, 1, 1, 0, 1, 0, 1, 0, 1, 1, 0, 1, 1, 0, 0, 1, 1, 1, 0, 1, 0, 1, 1, 1, 0, 0, 0, 0, 0, 1, 0, 1, 1, 1, 1, 0, 1, 0, 1, 1, 0, 1, 1, 1, 1, 0, 0, 0, 1, 1, 1, 1, 0, 0, 1]
listaRecompensa: [0, 10, -10, 10, 10, 10, -10, -10, 10, -10, -10, 10, 10, 10, 10, -10, 10, 10, 10, 10, -10, -10, -10, 10, -10, -10, 10, -10, 10, 10, 10, -10, -10, 10, 10, 10, 10, -10, 10, -10, -10, -10, -10, -10, 10, 10, 10, 10, 10, -10, 10, 10, 10, 10, 10, 10, 10, 10, 10, -10, -10, -10, 10, -10]
Medias: [(0, 0, 0), (231, 155, 0), (231, 152, 0), (307, 204, 0), (332, 220, 0), (173, 117, 0), (315, 209, 0), (150, 97, 0), (314, 206, 1), (355, 234, 0), (224, 148, 0), (4288, 2857, 52), (373, 250, 0), (4307, 2845, 39), (172, 112, 0), (173, 114, 0), (289, 191, 0), (5021, 3350, 39), (5239, 3492, 44), (167, 111, 0), (266, 176, 0), (267, 179, 0), (178, 116, 1), (257, 169, 0), (273, 181, 0), (303, 198, 0), (4184, 2790, 45), (390, 261, 13), (4502, 3002, 55), (218, 143, 0), (334, 219, 8), (164, 106, 0), (546, 363, 0), (168, 112, 0), (257, 167, 0), (393, 262, 0), (278, 187, 0), (2507, 1672, 0), (1719, 1146, 0), (441, 292, 1), (192, 122, 0), (215, 142, 0), (177, 114, 0), (166, 113, 0), (238, 156, 0), (5552, 3702, 55), (166, 110, 0), (4475, 2983, 53), (4755, 3171, 50), (579, 387, 58), (4031, 2686, 41), (2025, 1351, 58), (2215, 1475, 39), (2684, 1789, 44), (290, 191, 0), (204, 133, 0), (181, 115, 0), (3945, 2633, 0), (2034, 1357, 23), (451, 299, 0), (242, 158, 0), (260, 172, 1), (255, 168, 0), (200, 135, 0)]
Episode:  4 / 20 Score:  63 epsilon:  0.012871654777566 ação:  0 TempoEpisodio: 4189.785794734955 Reward: 10
listaacao: [1, 1, 0, 1, 0, 1, 0, 1, 1, 0, 0, 0, 0, 1, 0, 0, 1, 0, 1, 0, 1, 0, 0, 0, 0, 1, 0, 0, 1, 0, 0, 0, 1, 1, 0, 1, 1, 0, 0, 0, 1, 0, 0, 1, 0, 0, 0, 1, 1, 1, 1, 1, 1, 1, 0, 1, 0, 0, 1, 1, 1, 0, 1, 0]
listaRecompensa: [0, -10, -10, -10, 10, 10, 10, 10, 10, -10, 10, 10, 10, 10, 10, 10, -10, 10, 10, 10, 10, 10, 10, 10, 10, 10, 10, 10, -10, 10, 10, 10, 10, 10, 10, -10, -10, -10, 10, 10, 10, 10, 10, -10, 10, 10, 10, 10, 10, 10, 10, -10, 10, 10, 10, 10, 10, 10, 10, 10, -10, 10, 10, 10]
Medias: [(0, 0, 0), (237, 160, 0), (2193, 1462, 50), (799, 529, 0), (271, 178, 0), (4231, 2821, 0), (169, 111, 0), (4849, 3211, 54), (323, 215, 2), (386, 257, 1), (187, 119, 0), (217, 147, 0), (166, 107, 0), (4814, 3210, 0), (180, 115, 0), (172, 115, 0), (263, 170, 0), (226, 151, 0), (3437, 2290, 1), (725, 480, 0), (4468, 2978, 52), (244, 162, 0), (252, 167, 0), (177, 119, 0), (243, 156, 0), (4640, 3093, 0), (182, 117, 0), (624, 416, 0), (254, 170, 0), (199, 132, 0), (267, 179, 0), (378, 253, 0), (2951, 1966, 0), (5327, 3552, 52), (211, 142, 0), (155, 100, 0), (166, 109, 0), (297, 197, 1), (200, 128, 0), (233, 153, 0), (4929, 3287, 0), (308, 201, 0), (248, 165, 0), (299, 199, 0), (265, 180, 0), (161, 103, 0), (161, 102, 0), (4039, 2693, 0), (4412, 2941, 38), (3963, 2642, 41), (4354, 2904, 42), (218, 149, 0), (928, 481, 53), (540, 359, 4), (232, 156, 0), (419, 280, 1), (191, 124, 0), (169, 106, 0), (1892, 1260, 0), (1712, 1140, 35), (251, 165, 0), (193, 130, 0), (4335, 2891, 54), (187, 125, 0)]
Episode:  5 / 20 Score:  63 epsilon:  0.009955207159745181 ação:  1 TempoEpisodio: 4189.126484632492 Reward: -10
listaacao: [0, 1, 1, 0, 1, 1, 0, 0, 0, 0, 0, 0, 0, 0, 0, 1, 0, 1, 1, 1, 0, 0, 1, 1, 1, 1, 0, 0, 0, 0, 0, 0, 0, 0, 1, 0, 0, 0, 1, 0, 0, 0, 1, 1, 0, 0, 0, 0, 0, 1, 1, 0, 0, 1, 0, 0, 0, 1, 0, 0, 0, 0, 1, 1]
listaRecompensa: [0, -10, -10, 10, 10, 10, 10, 10, 10, 10, 10, 10, 10, 10, 10, -10, 10, 10, 10, 10, 10, 10, 10, 10, -10, 10, -10, 10, 10, 10, 10, 10, 10, 10, -10, 10, 10, 10, 10, -10, 10, 10, -10, 10, 10, 10, 10, 10, 10, -10, -10, 10, 10, -10, 10, 10, 10, -10, 10, 10, 10, 10, 10, -10]
Medias: [(0, 0, 0), (225, 154, 0), (294, 194, 0), (158, 104, 0), (4663, 3107, 58), (4717, 3144, 19), (186, 119, 0), (302, 200, 0), (484, 321, 0), (877, 582, 0), (178, 120, 0), (337, 224, 0), (171, 108, 0), (194, 130, 0), (281, 188, 0), (256, 173, 0), (169, 109, 0), (4950, 3299, 16), (5298, 3532, 39), (5134, 3424, 45), (225, 143, 0), (221, 145, 0), (2055, 1370, 0), (2208, 1471, 25), (267, 175, 0), (3451, 2301, 47), (247, 164, 6), (340, 225, 0), (283, 190, 0), (228, 151, 0), (156, 99, 0), (306, 204, 0), (229, 149, 0), (180, 117, 0), (261, 176, 0), (186, 126, 0), (266, 175, 0), (297, 199, 0), (2927, 1949, 0), (929, 620, 19), (314, 208, 0), (240, 156, 0), (202, 134, 0), (4066, 2710, 30), (162, 108, 0), (258, 170, 0), (232, 154, 0), (244, 159, 0), (375, 247, 0), (236, 156, 0), (184, 117, 0), (255, 171, 0), (234, 152, 0), (308, 202, 0), (213, 142, 0), (57, 37, 0), (157, 105, 0), (245, 165, 0), (294, 197, 0), (292, 194, 0), (184, 119, 0), (258, 171, 0), (4284, 2856, 0), (202, 133, 0)]
Episode:  6 / 20 Score:  63 epsilon:  0.009955207159745181 ação:  0 TempoEpisodio: 4193.388853549957 Reward: 10
listaacao: [0, 1, 0, 1, 1, 0, 0, 0, 0, 0, 0, 0, 1, 1, 1, 1, 1, 1, 1, 1, 1, 1, 1, 1, 0, 0, 0, 1, 1, 1, 1, 1, 1, 1, 0, 0, 0, 0, 0, 0, 0, 1, 0, 0, 0, 0, 0, 0, 1, 0, 0, 0, 1, 0, 1, 0, 1, 1, 0, 0, 1, 1, 0, 0]
listaRecompensa: [0, 10, 10, 10, -10, -10, 10, 10, 10, 10, 10, 10, 10, -10, 10, 10, 10, 10, 10, 10, -10, 10, 10, 10, 10, 10, 10, 10, 10, 10, 10, 10, 10, 10, 10, 10, 10, 10, 10, 10, 10, 10, 10, 10, 10, 10, 10, 10, -10, 10, 10, 10, -10, 10, 10, 10, 10, 10, 10, 10, 10, 10, 10, 10]
Medias: [(0, 0, 0), (2089, 1392, 17), (228, 153, 0), (2632, 1755, 0), (733, 490, 0), (158, 101, 1), (498, 329, 0), (303, 203, 0), (179, 119, 0), (368, 247, 0), (255, 169, 0), (428, 287, 0), (3532, 2355, 0), (314, 209, 0), (772, 514, 40), (4278, 2852, 48), (1767, 1176, 39), (2757, 1839, 49), (222, 150, 2), (4080, 2719, 51), (273, 184, 0), (4227, 2766, 48), (4162, 2775, 46), (3859, 2572, 45), (173, 114, 0), (332, 223, 0), (295, 193, 0), (4247, 2831, 0), (1169, 780, 41), (2499, 1667, 48), (2828, 1885, 43), (3779, 2519, 47), (548, 364, 35), (5004, 3335, 50), (240, 157, 0), (158, 103, 0), (360, 240, 0), (259, 172, 0), (230, 156, 0), (433, 246, 0), (196, 127, 0), (4116, 2743, 0), (193, 127, 0), (162, 105, 0), (256, 171, 0), (698, 466, 0), (170, 111, 0), (251, 144, 0), (433, 287, 0), (165, 108, 0), (214, 142, 0), (210, 142, 0), (204, 136, 0), (176, 115, 0), (3776, 2516, 22), (203, 133, 0), (832, 554, 1), (2500, 1666, 34), (202, 130, 0), (215, 142, 0), (2690, 1792, 0), (224, 151, 1), (231, 152, 0), (170, 109, 0)]
Episode:  7 / 20 Score:  63 epsilon:  0.009955207159745181 ação:  1 TempoEpisodio: 4195.123955965042 Reward: 10
listaacao: [1, 1, 1, 1, 0, 0, 1, 1, 0, 0, 1, 0, 0, 0, 1, 0, 1, 1, 0, 1, 0, 0, 0, 1, 1, 1, 1, 0, 0, 0, 1, 0, 0, 0, 0, 1, 0, 0, 0, 0, 0, 0, 0, 1, 0, 0, 0, 1, 1, 0, 0, 1, 0, 0, 0, 0, 1, 0, 0, 0, 0, 1, 0, 1]
listaRecompensa: [0, 10, -10, 10, 10, 10, 10, 10, -10, 10, 10, 10, 10, 10, -10, 10, 10, -10, 10, -10, 10, 10, 10, 10, 10, -10, 10, 10, -10, 10, 10, 10, 10, 10, -10, 10, -10, 10, 10, 10, 10, 10, 10, 10, 10, 10, 10, 10, 10, 10, 10, 10, 10, 10, 10, 10, 10, 10, 10, 10, 10, 10, -10, 10]
Medias: [(0, 0, 0), (4670, 3113, 30), (334, 221, 0), (4482, 2988, 44), (343, 228, 0), (552, 366, 0), (4346, 2898, 0), (3160, 2107, 51), (263, 178, 1), (173, 113, 0), (3354, 2235, 0), (232, 153, 0), (187, 123, 0), (257, 170, 0), (171, 108, 0), (165, 102, 0), (4777, 3184, 55), (181, 115, 0), (213, 144, 0), (359, 235, 0), (421, 280, 0), (242, 163, 0), (290, 193, 0), (2592, 1728, 0), (5234, 3491, 39), (269, 178, 0), (5035, 3356, 33), (171, 110, 0), (309, 205, 1), (276, 185, 0), (4043, 2694, 0), (216, 141, 0), (158, 106, 0), (238, 157, 0), (1277, 854, 0), (4673, 3114, 0), (2231, 1487, 36), (309, 208, 0), (209, 136, 0), (163, 110, 0), (232, 155, 0), (289, 192, 0), (381, 254, 0), (4382, 2921, 0), (224, 148, 0), (275, 180, 0), (205, 138, 0), (5405, 3604, 0), (2958, 1974, 40), (179, 120, 0), (244, 165, 0), (4118, 2744, 0), (570, 381, 0), (254, 168, 0), (174, 114, 0), (382, 254, 0), (4938, 3291, 0), (708, 471, 0), (165, 107, 0), (611, 408, 0), (474, 313, 0), (3544, 2363, 0), (1479, 986, 36), (3138, 2092, 55)]
Episode:  8 / 20 Score:  63 epsilon:  0.009955207159745181 ação:  1 TempoEpisodio: 4199.3070385456085 Reward: 10
listaacao: [1, 1, 1, 0, 0, 0, 1, 0, 1, 0, 0, 1, 1, 0, 1, 1, 0, 0, 1, 1, 0, 0, 0, 0, 1, 0, 1, 0, 0, 0, 1, 0, 0, 0, 0, 0, 1, 0, 0, 1, 0, 1, 0, 1, 0, 0, 1, 0, 0, 0, 1, 1, 1, 1, 0, 1, 1, 1, 0, 0, 1, 1, 0, 1]
listaRecompensa: [0, 10, 10, 10, 10, 10, 10, 10, 10, 10, 10, -10, 10, 10, 10, 10, -10, 10, 10, 10, 10, 10, 10, 10, 10, -10, 10, 10, 10, 10, 10, 10, 10, 10, 10, 10, 10, 10, 10, 10, 10, 10, -10, 10, 10, 10, -10, 10, -10, 10, -10, 10, 10, 10, -10, 10, 10, 10, -10, 10, 10, -10, 10, 10]
Medias: [(0,0,0), (3226, 2152, 52), (4384, 2923, 50), (214, 143, 0), (198, 128, 0), (270, 180, 0), (3420, 2280, 0), (177, 118, 0), (4781, 3189, 41), (430, 287, 0), (197, 129, 0), (617, 410, 0), (3251, 2169, 26), (239, 156, 0), (1918, 1275, 0), (4952, 3300, 46), (443, 297, 28), (301, 200, 0), (3448, 2301, 0), (4920, 3281, 26), (251, 168, 0), (154, 100, 0), (176, 113, 0), (444, 297, 0), (4598, 3066, 0), (671, 444, 51), (2832, 1887, 52), (233, 150, 0), (204, 135, 0), (168, 110, 0), (4781, 3184, 0), (208, 137, 0), (260, 173, 0), (573, 383, 0), (410, 275, 0), (161, 108, 0), (3886, 2592, 0), (205, 136, 0), (824, 550, 0), (3234, 2156, 0), (190, 127, 0), (2118, 1411, 0), (1430, 954, 18), (241, 158, 4), (313, 205, 0), (193, 129, 0), (288, 192, 0), (512, 342, 0), (230, 148, 1), (355, 237, 0), (345, 227, 0), (5502, 3667, 52), (4492, 2995, 48), (4492, 2995, 48), (1266, 845, 54), (2133, 1417, 30), (3531, 2353, 46), (711, 468, 16), (195, 123, 18), (226, 152, 0), (4433, 2955, 0), (262, 173, 0), (165, 103, 0), (344, 226, 5)]
Episode:  9 / 20 Score:  63 epsilon:  0.009955207159745181 ação:  1 TempoEpisodio: 4194.9007115364075 Reward: -10
listaacao: [1, 1, 0, 1, 1, 1, 0, 0, 0, 0, 1, 0, 1, 1, 0, 0, 0, 1, 1, 1, 0, 0, 0, 0, 0, 0, 1, 0, 0, 1, 1, 0, 0, 0, 0, 0, 1, 1, 0, 0, 0, 1, 1, 0, 1, 0, 0, 0, 0, 0, 1, 0, 1, 0, 1, 0, 1, 0, 0, 0, 1, 1, 1, 1]
listaRecompensa: [0, -10, -10, 10, 10, -10, -10, 10, 10, 10, 10, 10, 10, -10, 10, 10, 10, -10, 10, 10, -10, -10, 10, 10, 10, 10, 10, 10, -10, 10, 10, 10, 10, 10, 10, 10, -10, 10, -10, -10, 10, 10, 10, 10, 10, 10, 10, 10, 10, 10, 10, 10, -10, 10, 10, 10, -10, 10, -10, 10, -10, -10, 10, -10]
Medias: [(0, 0, 0), (250, 166, 0), (405, 267, 55), (4584, 3058, 33), (2721, 1815, 49), (266, 175, 0), (248, 165, 1), (309, 209, 0), (237, 161, 0), (228, 151, 0), (4922, 3282, 0), (210, 138, 0), (5518, 3679, 55), (187, 120, 0), (180, 113, 0), (225, 150, 0), (267, 178, 0), (839, 561, 0), (3591, 2395, 38), (1474, 980, 37), (442, 295, 4), (154, 98, 30), (414, 275, 0), (195, 128, 0), (189, 124, 0), (209, 140, 0), (4914, 3276, 0), (177, 117, 0), (360, 238, 2), (3644, 2429, 0), (4625, 3084, 25), (277, 185, 0), (388, 259, 0), (533, 356, 0), (343, 228, 0), (209, 135, 0), (298, 193, 0), (3703, 2469, 23), (601, 401, 6), (207, 139, 1), (309, 207, 0), (4139, 2758, 0), (4868, 3245, 48), (165, 107, 0), (316, 206, 7), (317, 208, 0), (180, 118, 0), (209, 137, 0), (206, 132, 0), (359, 232, 0), (4868, 3246, 0), (180, 120, 0), (243, 162, 0), (231, 155, 0), (5505, 3671, 54), (224, 148, 0), (212, 141, 0), (209, 137, 0), (316, 212, 6), (330, 219, 0), (199, 135, 0), (318, 211, 0), (297, 197, 12), (229, 152, 0)]
Episode:  10 / 20 Score:  63 epsilon:  0.009955207159745181 ação:  1 TempoEpisodio: 4196.443871498108 Reward: 10
listaacao: [1, 0, 0, 0, 0, 1, 0, 0, 1, 0, 0, 0, 1, 1, 1, 0, 0, 0, 0, 0, 1, 0, 0, 1, 0, 0, 0, 1, 0, 1, 0, 1, 1, 0, 0, 0, 0, 0, 0, 1, 1, 0, 0, 1, 1, 1, 1, 0, 1, 0, 1, 0, 0, 0, 0, 0, 0, 0, 0, 0, 1, 0, 1, 1]
listaRecompensa: [0, 10, 10, 10, 10, 10, 10, -10, 10, 10, 10, 10, -10, 10, 10, 10, 10, 10, 10, 10, 10, 10, 10, -10, 10, 10, 10, 10, 10, 10, -10, 10, -10, 10, -10, 10, 10, 10, 10, 10, 10, 10, 10, 10, 10, -10, 10, 10, 10, 10, -10, 10, 10, 10, 10, 10, 10, 10, 10, 10, 10, 10, -10, 10]
Medias: [(0, 0, 0), (310, 209, 0), (236, 157, 0), (213, 140, 0), (283, 187, 0), (4369, 2912, 0), (179, 123, 0), (340, 225, 4), (3956, 2635, 0), (179, 120, 0), (209, 137, 0), (200, 130, 0), (234, 152, 0), (4537, 3024, 49), (4932, 3287, 55), (284, 189, 0), (341, 228, 0), (350, 233, 0), (157, 104, 0), (176, 110, 0), (4783, 3187, 0), (323, 212, 0), (253, 169, 0), (195, 127, 0), (214, 139, 0), (186, 122, 0), (501, 333, 0), (4914, 3278, 0), (401, 269, 0), (4897, 3264, 52), (227, 150, 2), (4374, 2916, 51), (421, 282, 0), (336, 225, 0), (387, 256, 1), (225, 150, 0), (207, 139, 0), (116, 73, 0), (184, 121, 0), (1995, 1327, 0), (911, 605, 41), (246, 163, 0), (318, 213, 0), (4833, 3223, 0), (2188, 1364, 35), (302, 201, 0), (5698, 3799, 22), (149, 94, 0), (4856, 3236, 30), (273, 175, 0), (328, 218, 0), (236, 160, 0), (188, 122, 0), (308, 199, 0), (262, 178, 0), (198, 131, 0), (218, 146, 0), (204, 132, 0), (192, 126, 0), (162, 102, 0), (4897, 3265, 0), (319, 213, 0), (300, 199, 0), (4302, 2867, 43)]
Episode:  11 / 20 Score:  63 epsilon:  0.009955207159745181 ação:  0 TempoEpisodio: 4196.797166109085 Reward: 10
listaacao: [0, 1, 1, 0, 0, 0, 0, 1, 0, 0, 0, 0, 1, 1, 0, 1, 1, 0, 0, 0, 0, 0, 0, 0, 0, 1, 1, 0, 1, 1, 1, 1, 1, 0, 0, 0, 1, 1, 0, 0, 0, 1, 1, 0, 0, 0, 1, 0, 1, 0, 0, 1, 1, 1, 0, 0, 0, 0, 1, 1, 1, 0, 0, 0]
listaRecompensa: [0, 10, 10, -10, 10, 10, 10, 10, 10, 10, 10, 10, 10, 10, -10, 10, 10, -10, -10, 10, 10, 10, 10, 10, 10, -10, 10, 10, 10, 10, 10, 10, -10, 10, -10, 10, 10, 10, 10, 10, 10, 10, 10, 10, 10, 10, -10, 10, 10, 10, 10, -10, -10, 10, 10, 10, 10, 10, 10, 10, 10, -10, 10, 10]
Medias: [(0, 0, 0), (1777, 1181, 0), (1777, 1184, 40), (192, 128, 1), (177, 114, 0), (181, 120, 0), (172, 116, 0), (2800, 1869, 0), (160, 107, 0), (230, 154, 0), (192, 125, 0), (164, 107, 0), (4358, 2906, 0), (3505, 2337, 35), (317, 206, 1), (2344, 1565, 3), (4603, 3071, 38), (818, 546, 28), (253, 166, 1), (234, 149, 0), (179, 116, 0), (342, 230, 0), (157, 101, 0), (176, 115, 0), (458, 305, 0), (363, 242, 0), (4838, 3226, 50), (170, 107, 0), (1045, 693, 0), (1941, 1294, 25), (3011, 2009, 56), (1098, 729, 51), (250, 168, 0), (173, 110, 0), (301, 200, 1), (178, 117, 0), (4474, 2984, 0), (4743, 3163, 47), (441, 294, 0), (312, 209, 0), (201, 131, 0), (4489, 2992, 0), (2961, 1976, 23), (204, 135, 0), (202, 132, 0), (434, 290, 0), (680, 451, 0), (162, 110, 0), (5539, 3692, 20), (170, 109, 0), (209, 142, 0), (362, 242, 0), (382, 254, 0), (5038, 3360, 55), (389, 260, 0), (214, 138, 0), (196, 128, 0), (270, 178, 0), (2582, 1722, 0), (910, 500, 23), (244, 162, 1), (255, 168, 2), (191, 128, 0), (415, 276, 0)]
Episode:  12 / 20 Score:  63 epsilon:  0.009955207159745181 ação:  1 TempoEpisodio: 4194.825226783752 Reward: 10
listaacao: [0, 1, 0, 0, 0, 0, 1, 1, 1, 0, 0, 1, 0, 0, 0, 1, 0, 0, 0, 1, 0, 1, 1, 0, 0, 1, 0, 0, 0, 0, 0, 1, 0, 0, 0, 1, 0, 0, 1, 0, 0, 1, 0, 0, 0, 0, 0, 1, 1, 0, 1, 0, 0, 0, 1, 1, 0, 0, 0, 0, 1, 1, 0, 1]
listaRecompensa: [0, -10, 10, 10, 10, 10, 10, 10, -10, 10, 10, 10, 10, 10, 10, 10, 10, 10, 10, 10, 10, 10, 10, 10, 10, 10, 10, -10, 10, 10, 10, 10, 10, 10, 10, 10, -10, 10, 10, 10, 10, -10, 10, 10, 10, 10, 10, 10, 10, 10, -10, 10, 10, 10, -10, 10, -10, 10, 10, 10, 10, -10, 10, 10]
Medias: [(0, 0, 0), (217, 143, 0), (173, 116, 0), (188, 115, 0), (238, 158, 0), (270, 179, 0), (1629, 1086, 0), (2437, 1624, 48), (279, 183, 0), (207, 136, 0), (384, 254, 0), (5195, 3465, 0), (205, 136, 0), (397, 265, 0), (507, 343, 0), (4193, 2797, 0), (184, 119, 0), (370, 246, 0), (420, 274, 0), (3553, 2369, 0), (382, 255, 0), (2415, 1609, 0), (1886, 1256, 31), (193, 126, 0), (337, 227, 0), (3887, 2591, 0), (174, 114, 0), (649, 430, 3), (448, 294, 0), (366, 245, 0), (176, 118, 0), (5188, 3460, 0), (264, 174, 0), (372, 247, 0), (191, 128, 0), (2520, 1680, 0), (403, 270, 28), (285, 189, 0), (3645, 2431, 0), (170, 110, 0), (633, 422, 0), (238, 159, 0), (169, 112, 0), (223, 146, 0), (234, 158, 0), (192, 126, 0), (302, 199, 0), (2449, 1634, 0), (2905, 1935, 39), (181, 120, 0), (297, 194, 0), (193, 124, 0), (398, 267, 0), (189, 126, 0), (208, 137, 0), (4331, 2888, 31), (538, 360, 4), (160, 103, 0), (206, 135, 0), (192, 127, 0), (4616, 3080, 0), (545, 361, 0), (239, 159, 0), (2266, 1511, 4)]
Episode:  13 / 20 Score:  63 epsilon:  0.009955207159745181 ação:  1 TempoEpisodio: 4199.6733729839325 Reward: 10
listaacao: [1, 1, 0, 0, 1, 1, 0, 0, 0, 1, 1, 1, 0, 0, 0, 0, 0, 0, 0, 0, 0, 0, 1, 0, 0, 1, 0, 1, 1, 0, 1, 0, 0, 0, 0, 0, 0, 0, 0, 1, 1, 0, 1, 1, 0, 1, 1, 0, 1, 1, 1, 0, 0, 0, 0, 0, 0, 0, 1, 1, 1, 0, 0, 1]
listaRecompensa: [0, 10, 10, 10, 10, 10, 10, 10, 10, 10, 10, 10, -10, -10, 10, 10, 10, 10, 10, 10, 10, 10, -10, 10, 10, -10, 10, 10, 10, -10, -10, 10, 10, 10, 10, 10, 10, 10, -10, 10, 10, -10, 10, 10, -10, 10, 10, -10, 10, 10, -10, 10, -10, 10, 10, 10, 10, 10, -10, 10, 10, 10, -10, 10]
Medias: [(0, 0, 0), (689, 458, 27), (172, 106, 0), (229, 150, 0), (4746, 3164, 0), (3937, 2625, 23), (189, 127, 0), (475, 317, 0), (261, 172, 0), (5429, 3619, 0), (1012, 676, 58), (3503, 2334, 50), (213, 139, 1), (196, 130, 10), (157, 106, 0), (180, 118, 0), (468, 311, 0), (273, 182, 0), (294, 194, 0), (167, 111, 0), (207, 139, 0), (177, 117, 0), (421, 280, 0), (199, 131, 0), (257, 170, 0), (178, 116, 0), (226, 150, 0), (2627, 1750, 0), (4373, 2913, 51), (208, 134, 1), (267, 169, 0), (261, 169, 0), (171, 111, 0), (209, 139, 0), (160, 101, 0), (243, 164, 0), (302, 196, 0), (233, 156, 0), (1179, 786, 0), (2972, 1983, 0), (2573, 1714, 49), (1406, 933, 43), (4074, 2718, 0), (4830, 3222, 28), (279, 184, 20), (4378, 2918, 54), (4799, 3200, 39), (240, 158, 1), (3786, 2525, 51), (4342, 2895, 47), (176, 117, 0), (214, 143, 0), (369, 243, 5), (324, 190, 0), (168, 104, 0), (210, 133, 0), (212, 139, 0), (173, 116, 0), (195, 129, 0), (5396, 3598, 41), (4327, 2884, 44), (329, 222, 0), (322, 212, 1), (4629, 3087, 0)]
Episode:  14 / 20 Score:  63 epsilon:  0.009955207159745181 ação:  1 TempoEpisodio: 4203.064324140549 Reward: 10
listaacao: [0, 0, 0, 0, 0, 0, 1, 1, 1, 0, 0, 0, 1, 0, 1, 1, 1, 1, 0, 0, 0, 1, 0, 1, 1, 1, 0, 1, 0, 1, 1, 0, 0, 1, 1, 0, 0, 0, 0, 0, 1, 0, 1, 1, 0, 0, 0, 1, 0, 1, 0, 1, 0, 1, 0, 0, 1, 1, 0, 1, 0, 0, 0, 1]
listaRecompensa: [0, 10, -10, 10, 10, 10, 10, 10, 10, 10, 10, 10, -10, 10, 10, 10, 10, 10, 10, 10, 10, 10, 10, 10, -10, 10, 10, -10, 10, 10, 10, -10, -10, 10, -10, 10, 10, 10, 10, 10, 10, 10, 10, 10, 10, -10, 10, 10, 10, 10, 10, 10, 10, 10, 10, 10, 10, 10, 10, 10, 10, 10, 10, 10]
Medias: [(0,0,0), (663, 440, 0), (2254, 1504, 0), (310, 206, 0), (428, 283, 0), (296, 196, 0), (4073, 2713, 0), (4849, 3232, 30), (4035, 2690, 48), (186, 122, 0), (267, 179, 0), (356, 236, 0), (295, 195, 0), (367, 244, 0), (4427, 2950, 57), (966, 642, 51), (4344, 2896, 24), (1341, 896, 56), (277, 188, 0), (282, 185, 0), (492, 330, 0), (4721, 3147, 0), (237, 158, 0), (3894, 2598, 41), (166, 108, 0), (4752, 3168, 49), (276, 185, 0), (229, 151, 0), (191, 127, 0), (2090, 1391, 4), (2069, 1378, 52), (171, 112, 1), (189, 123, 1), (4684, 3123, 0), (163, 109, 0), (242, 162, 0), (168, 112, 0), (373, 250, 0), (177, 118, 0), (374, 245, 0), (4729, 3153, 0), (183, 119, 0), (4566, 3043, 54), (2772, 1844, 32), (205, 134, 0), (208, 138, 1), (194, 131, 0), (4402, 2935, 0), (164, 104, 0), (3854, 2570, 26), (183, 115, 0), (5244, 3497, 45), (275, 184, 0), (4664, 3109, 14), (179, 118, 0), (335, 224, 0), (2046, 1362, 0), (2586, 1725, 28), (487, 327, 0), (1607, 1071, 0), (176, 114, 0), (189, 128, 0), (184, 116, 0), (4598, 3066, 0)]
Episode:  15 / 20 Score:  63 epsilon:  0.009955207159745181 ação:  1 TempoEpisodio: 4207.055080652237 Reward: 10
listaacao: [1, 0, 1, 1, 1, 1, 0, 0, 0, 0, 0, 0, 1, 0, 0, 0, 0, 1, 1, 1, 1, 1, 0, 1, 0, 0, 0, 0, 1, 0, 1, 1, 1, 1, 0, 0, 0, 0, 0, 0, 0, 0, 1, 1, 0, 0, 0, 0, 0, 0, 0, 0, 1, 1, 0, 0, 1, 1, 0, 0, 0, 0, 1, 1]
listaRecompensa: [0, -10, 10, 10, 10, 10, 10, 10, 10, 10, 10, 10, 10, 10, 10, 10, 10, 10, 10, 10, 10, 10, -10, 10, 10, -10, 10, 10, -10, 10, 10, 10, 10, 10, 10, 10, 10, 10, 10, 10, 10, 10, 10, 10, 10, 10, 10, 10, 10, 10, 10, 10, 10, 10, -10, -10, 10, -10, 10, 10, 10, 10, 10, 10]
Medias: [(0, 0, 0), (293, 193, 11), (4867, 3244, 55), (5216, 3478, 47), (4391, 2926, 47), (2310, 1538, 39), (326, 217, 0), (211, 142, 0), (195, 128, 0), (277, 185, 0), (371, 248, 0), (585, 389, 0), (4479, 2986, 0), (183, 119, 0), (182, 118, 0), (375, 250, 0), (160, 107, 0), (4880, 3255, 0), (4457, 2970, 49), (1415, 942, 47), (2171, 1444, 50), (2683, 1789, 57), (993, 659, 46), (4133, 2756, 52), (290, 190, 0), (295, 198, 1), (305, 197, 0), (217, 144, 0), (282, 189, 0), (165, 108, 0), (4205, 2804, 33), (3699, 2466, 37), (1126, 753, 42), (3119, 2078, 53), (304, 202, 0), (571, 377, 0), (175, 116, 0), (161, 110, 0), (551, 365, 0), (179, 115, 0), (292, 196, 0), (224, 148, 0), (5694, 3796, 0), (4828, 3220, 52), (297, 146, 0), (280, 185, 0), (303, 201, 0), (404, 267, 0), (227, 132, 0), (356, 236, 0), (195, 124, 0), (180, 118, 0), (4902, 3268, 0), (4120, 2747, 13), (206, 136, 1), (218, 143, 2), (4128, 2752, 0), (522, 348, 0), (184, 116, 0), (228, 150, 0), (284, 189, 0), (840, 557, 0), (3632, 2420, 0), (4726, 3151, 56)]
Episode:  16 / 20 Score:  63 epsilon:  0.009955207159745181 ação:  1 TempoEpisodio: 4204.162756681442 Reward: 10
listaacao: [1, 0, 1, 1, 1, 1, 0, 1, 0, 0, 1, 1, 1, 1, 1, 1, 0, 1, 0, 0, 0, 0, 0, 1, 1, 0, 0, 1, 0, 0, 0, 1, 1, 1, 1, 0, 0, 0, 0, 0, 0, 1, 0, 0, 0, 1, 0, 0, 0, 0, 1, 1, 1, 0, 0, 1, 0, 0, 0, 1, 1, 0, 1, 1]
listaRecompensa: [0, 10, 10, 10, 10, 10, 10, 10, 10, 10, 10, 10, 10, 10, 10, 10, -10, 10, 10, 10, 10, 10, 10, 10, 10, -10, 10, -10, 10, 10, 10, 10, -10, 10, 10, 10, 10, 10, 10, 10, 10, 10, 10, -10, 10, 10, 10, -10, 10, 10, 10, 10, 10, 10, 10, 10, 10, 10, 10, 10, 10, 10, 10, 10]
Medias: [(0,0,0), (283,188,0), (4387,2925, 11), (4100, 2734, 46), (5293, 3529, 52), (4613, 3075, 40), (238, 156, 0), (4403, 2936, 54), (174, 109, 0), (284, 190, 0), (2657, 1772, 0), (4342, 2895, 39), (4471, 2980, 47), (4420, 2947, 52), (4788, 3190, 50), (4029, 2686, 42), (356, 237, 4), (3985, 2657, 54), (198, 133, 0), (174, 114, 0), (163, 109, 0), (430, 282, 0), (331, 216, 0), (2664, 1774, 0), (4049, 2699, 45), (427, 282, 38), (176, 117, 0), (444, 296, 0), (431, 289, 0), (222, 148, 0), (280, 188, 0), (4680, 3120, 0), (204, 133, 0), (347, 230, 2), (220, 146, 5), (277, 186, 0), (215, 140, 0), (255, 167, 0), (216, 149, 0), (424, 285, 0), (259, 174, 0), (5448, 3632, 0), (170, 112, 0), (159, 105, 2), (217, 143, 0), (4814, 3209, 0), (189, 126, 0), (281, 187, 1), (271, 182, 0), (189, 124, 0), (1616, 1076, 0), (4691, 3126, 44), (1336, 891, 43), (252, 166, 0), (180, 118, 0), (3041, 2027, 0), (282, 188, 0), (161, 100, 0), (376, 248, 0), (4677, 3118, 0), (5380, 3585, 52), (229, 153, 0), (1060, 702, 0), (2391, 1593, 26)]
Episode:  17 / 20 Score:  63 epsilon:  0.009955207159745181 ação:  0 TempoEpisodio: 4204.458069324493 Reward: 10
listaacao: [0, 1, 1, 0, 0, 1, 1, 1, 0, 0, 1, 1, 0, 0, 0, 0, 1, 0, 0, 1, 1, 0, 0, 0, 1, 0, 0, 1, 1, 0, 0, 0, 0, 1, 0, 0, 1, 0, 0, 0, 0, 0, 1, 0, 0, 0, 0, 0, 0, 0, 0, 0, 0, 1, 1, 1, 1, 0, 0, 1, 1, 0, 0, 0]
listaRecompensa: [0, 10, 10, 10, 10, 10, 10, 10, -10, 10, 10, 10, 10, -10, 10, 10, 10, 10, 10, 10, 10, 10, 10, 10, 10, 10, 10, 10, 10, -10, 10, 10, 10, 10, 10, 10, 10, 10, -10, 10, 10, 10, 10, 10, 10, 10, 10, 10, 10, 10, 10, 10, 10, 10, 10, -10, 10, 10, -10, 10, 10, 10, 10, 10]
Medias: [(0, 0, 0), (173, 116, 2), (4517, 3009, 45), (179, 112, 0), (384, 255, 0), (5258, 3506, 0), (4801, 3202, 54), (4616, 3077, 47), (258, 172, 4), (219, 145, 0), (5412, 3607, 0), (3140, 2094, 22), (318, 213, 0), (294, 196, 3), (195, 127, 0), (183, 119, 0), (4711, 3139, 0), (166, 106, 0), (281, 188, 0), (4433, 2955, 0), (3332, 2221, 54), (225, 152, 0), (250, 164, 0), (203, 135, 0), (4012, 2675, 0), (179, 117, 0), (223, 150, 0), (2799, 1865, 0), (1176, 783, 44), (265, 179, 11), (165, 108, 0), (288, 189, 0), (214, 141, 0), (4862, 3240, 0), (170, 111, 0), (184, 121, 0), (4195, 2796, 0), (198, 129, 0), (304, 200, 4), (293, 195, 0), (219, 144, 0), (271, 179, 0), (1970, 1313, 0), (207, 136, 0), (299, 197, 0), (378, 252, 0), (324, 215, 0), (811, 537, 0), (182, 122, 0), (347, 232, 0), (514, 343, 0), (202, 132, 0), (227, 151, 0), (1410, 940, 0), (1946, 1296, 55), (498, 331, 0), (322, 213, 1), (177, 112, 0), (239, 157, 1), (5486, 3658, 0), (4792, 3195, 45), (205, 137, 0), (154, 99, 0), (180, 113, 0)]
Episode:  18 / 20 Score:  63 epsilon:  0.009955207159745181 ação:  0 TempoEpisodio: 4200.924866676331 Reward: 10
listaacao: [1, 0, 0, 1, 1, 0, 0, 0, 0, 1, 1, 0, 0, 1, 0, 0, 1, 1, 0, 0, 0, 0, 0, 1, 0, 0, 0, 0, 0, 0, 1, 1, 1, 0, 1, 1, 0, 0, 0, 1, 0, 0, 0, 1, 0, 0, 0, 1, 0, 0, 1, 0, 0, 0, 0, 0, 1, 0, 1, 1, 1, 0, 0, 0]
listaRecompensa: [0, 10, 10, -10, -10, 10, 10, 10, 10, 10, 10, 10, -10, 10, 10, -10, 10, 10, 10, 10, 10, 10, 10, -10, 10, 10, 10, 10, 10, 10, 10, 10, 10, -10, -10, 10, 10, 10, 10, 10, 10, 10, -10, 10, 10, 10, 10, 10, 10, 10, 10, 10, 10, 10, 10, 10, 10, 10, 10, 10, 10, 10, -10, 10]
Medias: [(0, 0, 0), (245, 163, 0), (171, 113, 0), (154, 99, 0), (286, 188, 0), (223, 143, 0), (285, 190, 0), (319, 210, 0), (171, 107, 0), (5105, 3402, 0), (4750, 3165, 33), (211, 141, 0), (478, 316, 4), (4793, 3196, 0), (262, 174, 0), (218, 145, 7), (1452, 968, 0), (2338, 1559, 40), (191, 126, 0), (304, 203, 0), (157, 104, 0), (286, 190, 0), (241, 160, 0), (537, 356, 0), (300, 198, 0), (192, 124, 0), (177, 117, 0), (207, 139, 0), (487, 323, 0), (246, 162, 0), (2111, 1407, 0), (2285, 1522, 48), (3922, 2615, 40), (732, 488, 27), (361, 238, 0), (4557, 3037, 38), (148, 98, 0), (207, 137, 0), (185, 121, 0), (4471, 2871, 0), (481, 320, 0), (230, 152, 0), (1165, 775, 0), (2399, 1596, 0), (167, 105, 0), (254, 167, 0), (160, 103, 0), (2929, 1950, 0), (201, 129, 0), (176, 112, 0), (3220, 2145, 0), (169, 114, 0), (195, 124, 0), (419, 280, 0), (356, 235, 0), (230, 150, 0), (2907, 1938, 0), (221, 145, 0), (2373, 1580, 0), (4221, 2814, 52), (749, 500, 55), (180, 120, 0), (201, 134, 2), (238, 158, 0)]
Episode:  19 / 20 Score:  63 epsilon:  0.009955207159745181 ação:  0 TempoEpisodio: 4203.662337064743 Reward: 10
listaacao: [1, 0, 1, 0, 0, 0, 0, 1, 0, 0, 1, 0, 1, 1, 0, 0, 0, 0, 1, 0, 0, 1, 1, 1, 0, 1, 0, 0, 1, 0, 0, 0, 1, 1, 1, 1, 0, 1, 0, 0, 0, 0, 1, 0, 0, 0, 0, 1, 1, 0, 1, 0, 0, 1, 1, 1, 0, 0, 0, 0, 1, 1, 0, 0]
listaRecompensa: [0, -10, 10, 10, 10, 10, 10, -10, 10, 10, 10, 10, 10, 10, -10, -10, 10, 10, 10, 10, -10, 10, 10, 10, 10, -10, 10, 10, -10, 10, 10, 10, 10, 10, 10, 10, 10, 10, 10, 10, 10, 10, -10, 10, 10, 10, 10, 10, 10, -10, 10, 10, 10, 10, -10, 10, 10, 10, 10, 10, 10, 10, 10, 10]
Medias: [(0, 0, 0), (222, 150, 2), (5250, 3501, 58), (287, 192, 0), (268, 178, 0), (274, 184, 0), (176, 118, 0), (218, 146, 0), (290, 194, 0), (273, 183, 0), (4283, 2855, 0), (190, 125, 0), (4890, 3260, 54), (4148, 2766, 55), (282, 187, 3), (3924, 2616, 56), (244, 162, 0), (189, 120, 0), (3580, 2388, 0), (322, 212, 0), (273, 181, 3), (2678, 1782, 0), (4387, 2923, 18), (867, 579, 26), (310, 205, 0), (410, 271, 0), (161, 104, 0), (239, 158, 0), (283, 191, 0), (361, 239, 0), (365, 241, 0), (350, 232, 0), (4528, 3018, 0), (3117, 2077, 41), (2389, 1595, 50), (1137, 756, 31), (246, 164, 0), (3986, 2658, 23), (180, 118, 0), (196, 126, 0), (203, 137, 0), (225, 145, 0), (215, 143, 0), (150, 96, 0), (181, 116, 0), (250, 166, 0), (279, 182, 0), (2016, 1342, 0), (4222, 2815, 44), (871, 579, 26), (3520, 2345, 0), (243, 161, 0), (150, 94, 0), (4647, 3099, 0), (247, 164, 0), (491, 330, 1), (163, 106, 0), (197, 125, 0), (319, 215, 0), (207, 135, 0), (1212, 810, 0), (2433, 1621, 36), (296, 198, 0), (217, 143, 0)]

