Episode:  0 / 20 Score:  31 epsilon:  0.6142536534626856 ação:  0 TempoEpisodio: 1985.3470194339752 Reward: 10
listaacao: [1, 0, 1, 1, 1, 0, 1, 1, 0, 1, 1, 1, 1, 1, 1, 1, 1, 0, 0, 0, 1, 1, 1, 1, 1, 1, 0, 0, 0, 0, 0, 0]
listaRecompensa: [0, -10, -10, 10, 10, 10, 10, 10, 10, 10, -10, 10, -10, 10, -10, -10, 10, 10, 10, -10, -10, -10, -10, 10, -10, -10, -10, -10, 10, 10, 10, 10]
Medias: [(0, 0, 0), (3364, 2240, 52), (159, 102, 0), (5217, 3477, 45), (4236, 2823, 43), (274, 184, 0), (5410, 3607, 54), (3904, 2603, 46), (230, 153, 0), (3749, 2499, 1), (234, 153, 0), (4766, 3175, 47), (341, 227, 0), (4497, 2998, 49), (288, 194, 0), (163, 104, 0), (4028, 2684, 53), (231, 152, 0), (157, 98, 0), (4206, 2805, 0), (226, 150, 0), (181, 121, 0), (216, 146, 0), (3810, 2540, 45), (256, 172, 0), (266, 176, 0), (250, 166, 2), (4421, 2904, 57), (173, 116, 0), (208, 134, 0), (242, 157, 0), (320, 208, 0)]
Episode:  1 / 20 Score:  31 epsilon:  0.23176254155320164 ação:  1 TempoEpisodio: 2021.9051887989044 Reward: 10
listaacao: [0, 0, 0, 1, 1, 0, 1, 0, 1, 1, 0, 0, 1, 0, 1, 0, 0, 0, 1, 0, 0, 0, 0, 0, 0, 0, 0, 0, 0, 0, 0, 1]
listaRecompensa: [0, 10, 10, -10, -10, 10, -10, 10, 10, -10, -10, 10, 10, 10, -10, 10, 10, -10, -10, 10, -10, -10, -10, 10, -10, -10, 10, 10, -10, -10, -10, 10]
Medias: [(0, 0, 0), (180, 117, 0), (314, 209, 0), (192, 124, 0), (275, 180, 0), (276, 182, 0), (193, 128, 0), (296, 196, 0), (311, 205, 6), (396, 267, 0), (472, 314, 1), (468, 312, 0), (4477, 2986, 0), (362, 240, 0), (189, 121, 0), (184, 122, 0), (202, 134, 0), (4140, 2759, 0), (184, 118, 0), (197, 129, 0), (4830, 3220, 54), (4722, 3147, 0), (5755, 3837, 0), (164, 105, 0), (4377, 2918, 0), (4223, 2815, 0), (184, 118, 0), (889, 588, 0), (3196, 2131, 0), (1622, 1083, 0), (3252, 2166, 0), (1422, 947, 0)]
Episode:  2 / 20 Score:  31 epsilon:  0.08744575691882718 ação:  0 TempoEpisodio: 2023.6703748703003 Reward: 10
listaacao: [0, 1, 1, 1, 0, 0, 1, 1, 0, 0, 0, 1, 0, 0, 0, 1, 1, 1, 0, 0, 0, 0, 1, 0, 0, 0, 0, 0, 1, 1, 0, 0]
listaRecompensa: [0, -10, 10, -10, 10, 10, 10, -10, 10, 10, 10, 10, 10, 10, 10, 10, 10, 10, 10, 10, 10, 10, 10, 10, 10, 10, 10, 10, 10, 10, 10, 10]
Medias: [(0, 0, 0), (183, 120, 0), (227, 148, 1), (177, 118, 0), (195, 126, 0), (180, 119, 0), (3865, 2575, 0), (180, 121, 0), (512, 345, 0), (258, 172, 0), (343, 226, 0), (4340, 2894, 0), (234, 155, 0), (196, 129, 0), (156, 99, 0), (4312, 2768, 0), (4694, 3129, 50), (3818, 2546, 44), (270, 179, 0), (191, 122, 0), (251, 164, 0), (184, 118, 0), (5424, 3616, 0), (229, 149, 0), (367, 243, 0), (238, 161, 0), (254, 168, 0), (249, 164, 0), (1488, 993, 0), (2745, 1829, 42), (325, 212, 0), (267, 180, 0)]
Episode:  3 / 20 Score:  31 epsilon:  0.03299394437021773 ação:  0 TempoEpisodio: 2022.078477859497 Reward: 10
listaacao: [1, 1, 0, 0, 1, 0, 0, 0, 0, 0, 0, 0, 0, 0, 1, 0, 1, 0, 0, 0, 0, 0, 0, 1, 0, 0, 0, 0, 0, 0, 0, 0]
listaRecompensa: [0, 10, 10, 10, 10, 10, -10, 10, 10, 10, 10, 10, 10, 10, -10, 10, 10, 10, 10, 10, 10, 10, 10, 10, 10, -10, 10, 10, -10, -10, 10, 10]
Medias: [(0, 0, 0), (1519, 1014, 6), (217, 142, 0), (194, 120, 0), (4136, 2755, 0), (270, 176, 0), (4814, 3209, 48), (186, 121, 0), (147, 97, 0), (504, 335, 0), (260, 173, 0), (185, 123, 0), (353, 236, 0), (222, 150, 0), (279, 183, 0), (190, 125, 0), (4885, 3257, 36), (223, 147, 0), (246, 164, 0), (524, 353, 0), (225, 146, 0), (291, 193, 0), (763, 506, 0), (4135, 2759, 0), (187, 124, 0), (289, 194, 9), (207, 140, 0), (269, 178, 0), (2163, 1440, 0), (1288, 861, 0), (233, 150, 0), (183, 116, 0)]
Episode:  4 / 20 Score:  31 epsilon:  0.012448864341302825 ação:  0 TempoEpisodio: 2023.610758304596 Reward: 10
listaacao: [0, 1, 0, 0, 1, 1, 0, 0, 0, 0, 0, 0, 0, 0, 1, 0, 0, 1, 0, 0, 0, 0, 1, 0, 0, 0, 1, 0, 0, 1, 1, 0]
listaRecompensa: [0, 10, 10, 10, 10, 10, 10, 10, 10, 10, 10, 10, 10, 10, 10, 10, -10, 10, 10, 10, 10, 10, 10, 10, 10, -10, 10, 10, 10, 10, 10, 10]
Medias: [(0, 0, 0), (3717, 2477, 0), (240, 157, 0), (181, 119, 0), (4128, 2752, 0), (4802, 3202, 25), (289, 193, 0), (295, 196, 0), (204, 136, 0), (342, 227, 0), (208, 141, 0), (173, 116, 0), (265, 173, 0), (250, 169, 0), (4903, 3270, 0), (205, 135, 0), (428, 288, 1), (4209, 2807, 0), (236, 151, 0), (168, 109, 0), (420, 279, 0), (958, 639, 0), (2609, 1742, 0), (251, 166, 0), (175, 116, 0), (2434, 1622, 0), (1374, 917, 0), (229, 150, 0), (351, 232, 0), (3686, 2456, 0), (4673, 3115, 52), (308, 204, 0)]
Episode:  5 / 20 Score:  31 epsilon:  0.009756714760036816 ação:  0 TempoEpisodio: 2022.0277104377747 Reward: 10
listaacao: [1, 0, 0, 0, 0, 0, 0, 0, 0, 1, 0, 0, 0, 0, 0, 0, 0, 0, 0, 0, 0, 1, 1, 0, 0, 0, 0, 0, 0, 0, 0, 0]
listaRecompensa: [0, 10, -10, 10, 10, 10, 10, 10, 10, 10, 10, 10, 10, 10, 10, 10, 10, 10, 10, 10, -10, 10, 10, 10, 10, 10, 10, 10, 10, 10, 10, 10]
Medias: [(0, 0, 0), (202, 133, 0), (5067, 3380, 44), (176, 110, 0), (274, 182, 0), (175, 114, 0), (234, 154, 0), (229, 150, 0), (186, 123, 0), (4132, 2755, 0), (253, 168, 0), (301, 199, 0), (247, 165, 0), (692, 459, 0), (295, 200, 0), (561, 372, 0), (275, 183, 0), (555, 368, 0), (247, 164, 0), (264, 176, 0), (1488, 994, 0), (3594, 2395, 0), (2289, 1527, 34), (239, 160, 0), (252, 165, 0), (232, 154, 0), (427, 281, 0), (189, 121, 0), (199, 132, 0), (153, 102, 0), (165, 112, 0), (160, 101, 0)]
Episode:  6 / 20 Score:  31 epsilon:  0.009756714760036816 ação:  1 TempoEpisodio: 2025.3171436786652 Reward: 10
listaacao: [1, 0, 0, 0, 0, 0, 0, 0, 0, 0, 0, 1, 0, 0, 0, 0, 0, 0, 1, 0, 0, 0, 0, 0, 0, 1, 0, 1, 0, 0, 1, 1]
listaRecompensa: [0, 10, -10, 10, 10, 10, 10, 10, 10, 10, 10, 10, 10, -10, 10, -10, 10, -10, 10, -10, -10, 10, 10, -10, 10, 10, 10, 10, 10, 10, 10, 10]
Medias: [(0, 0, 0), (157, 101, 0), (3256, 2170, 1), (307, 200, 0), (156, 96, 0), (176, 114, 0), (171, 112, 0), (432, 286, 0), (226, 149, 0), (289, 187, 0), (589, 390, 0), (4972, 3316, 0), (248, 166, 0), (220, 148, 2), (301, 201, 0), (3035, 1937, 0), (534, 358, 0), (2149, 1431, 0), (2249, 1499, 0), (221, 145, 4), (179, 118, 8), (505, 335, 0), (446, 300, 0), (3882, 2591, 0), (969, 644, 0), (3059, 2039, 0), (183, 123, 0), (4628, 3085, 59), (169, 111, 0), (326, 218, 0), (4182, 2790, 0), (4572, 3048, 49)]
Episode:  7 / 20 Score:  31 epsilon:  0.009756714760036816 ação:  1 TempoEpisodio: 2023.1827054023743 Reward: 10
listaacao: [1, 0, 0, 0, 0, 0, 0, 1, 1, 0, 1, 0, 0, 0, 0, 0, 0, 0, 0, 0, 0, 0, 0, 1, 0, 1, 1, 0, 0, 1, 0, 1]
listaRecompensa: [0, 10, -10, 10, 10, 10, 10, 10, -10, 10, 10, 10, 10, 10, 10, -10, -10, 10, 10, 10, 10, -10, -10, 10, 10, 10, 10, 10, 10, -10, 10, 10]
Medias: [(0, 0, 0), (151, 98, 0), (5675, 3784, 29), (168, 106, 0), (203, 132, 0), (315, 213, 0), (496, 329, 0), (5084, 3390, 0), (166, 106, 0), (245, 165, 0), (4764, 3176, 54), (167, 109, 0), (400, 267, 0), (159, 106, 0), (185, 122, 0), (1798, 1195, 0), (1442, 959, 0), (189, 123, 0), (212, 144, 0), (356, 238, 0), (170, 111, 0), (2929, 1955, 0), (4650, 3098, 0), (4532, 3022, 0), (364, 243, 0), (4157, 2771, 0), (4296, 2866, 25), (172, 111, 0), (192, 122, 0), (273, 179, 0), (224, 150, 0), (4290, 2859, 51)]
Episode:  8 / 20 Score:  31 epsilon:  0.009756714760036816 ação:  0 TempoEpisodio: 2022.512120962143 Reward: 10
listaacao: [0, 0, 0, 0, 0, 1, 0, 0, 0, 0, 0, 0, 1, 1, 0, 0, 0, 0, 0, 0, 1, 0, 1, 0, 0, 1, 0, 1, 0, 0, 0, 0]
listaRecompensa: [0, -10, 10, 10, 10, 10, 10, 10, 10, 10, 10, 10, -10, 10, 10, 10, 10, 10, 10, 10, 10, 10, 10, 10, -10, 10, 10, 10, -10, 10, 10, 10]
Medias: [(0, 0, 0), (159, 108, 2), (286, 188, 0), (423, 279, 0), (175, 112, 0), (4051, 2701, 0), (205, 134, 0), (287, 191, 0), (219, 145, 0), (248, 166, 0), (257, 170, 0), (267, 174, 0), (713, 474, 0), (2791, 1860, 32), (233, 152, 0), (203, 135, 0), (459, 307, 0), (412, 271, 0), (232, 152, 0), (241, 161, 0), (2846, 1900, 0), (566, 379, 0), (4875, 3249, 53), (237, 156, 0), (5463, 3642, 45), (4541, 3027, 0), (233, 152, 0), (4021, 2682, 52), (285, 188, 1), (217, 144, 0), (187, 124, 0), (210, 140, 0)]
Episode:  9 / 20 Score:  31 epsilon:  0.009756714760036816 ação:  1 TempoEpisodio: 2021.9214556217194 Reward: 10
listaacao: [0, 0, 0, 0, 0, 1, 0, 0, 1, 0, 0, 0, 0, 0, 0, 0, 0, 1, 0, 1, 0, 0, 0, 0, 0, 0, 0, 0, 0, 0, 0, 1]
listaRecompensa: [0, 10, 10, 10, 10, 10, 10, 10, 10, -10, 10, 10, 10, 10, 10, 10, -10, 10, -10, 10, 10, 10, 10, 10, 10, 10, 10, 10, 10, 10, 10, 10]
Medias: [(0, 0, 0), (155, 102, 0), (235, 159, 0), (254, 167, 0), (290, 198, 0), (4562, 3041, 0), (152, 99, 0), (313, 207, 0), (4134, 2756, 0), (293, 195, 1), (198, 127, 0), (161, 105, 0), (216, 141, 0), (246, 161, 0), (214, 142, 0), (217, 144, 0), (3005, 2001, 0), (4546, 3030, 0), (733, 483, 28), (4417, 2944, 0), (176, 115, 0), (332, 222, 0), (162, 102, 0), (169, 107, 0), (310, 204, 0), (285, 186, 0), (226, 151, 0), (258, 171, 0), (221, 149, 0), (222, 142, 0), (249, 166, 0), (4696, 3132, 0)]
Episode:  10 / 20 Score:  31 epsilon:  0.009756714760036816 ação:  0 TempoEpisodio: 2024.876238822937 Reward: 10
listaacao: [1, 0, 1, 0, 1, 0, 0, 0, 0, 0, 0, 0, 0, 1, 0, 0, 0, 0, 0, 0, 0, 0, 0, 1, 0, 0, 0, 0, 1, 0, 0, 0]
listaRecompensa: [0, 10, 10, 10, 10, 10, 10, -10, 10, 10, 10, 10, -10, 10, 10, -10, 10, 10, -10, 10, 10, 10, 10, 10, 10, -10, 10, 10, 10, -10, 10, 10]
Medias: [(0, 0, 0), (290, 195, 0), (3174, 2117, 54), (319, 212, 0), (4244, 2830, 30), (248, 161, 0), (236, 154, 0), (3035, 2128, 0), (459, 302, 0), (207, 134, 0), (317, 211, 0), (282, 184, 0), (2430, 1620, 0), (1488, 994, 0), (315, 206, 0), (2347, 1563, 0), (389, 252, 0), (197, 131, 0), (3608, 2405, 0), (651, 433, 0), (341, 227, 0), (239, 157, 0), (343, 231, 0), (3962, 2640, 0), (280, 187, 0), (259, 169, 4), (222, 147, 0), (173, 117, 0), (5598, 3732, 0), (597, 396, 5), (283, 186, 0), (217, 142, 0)]
Episode:  11 / 20 Score:  31 epsilon:  0.009756714760036816 ação:  0 TempoEpisodio: 2023.154175043106 Reward: 10
listaacao: [0, 1, 0, 0, 1, 0, 1, 1, 1, 1, 0, 1, 0, 0, 0, 0, 0, 0, 1, 1, 1, 0, 1, 0, 0, 0, 1, 0, 0, 1, 0, 0]
listaRecompensa: [0, 10, 10, 10, 10, 10, 10, 10, 10, -10, -10, 10, 10, -10, -10, 10, 10, 10, 10, 10, 10, 10, 10, 10, -10, 10, 10, 10, 10, 10, 10, 10]
Medias: [(0, 0, 0), (4768, 3180, 0), (191, 125, 0), (508, 338, 0), (3356, 2239, 0), (250, 166, 0), (1541, 1024, 0), (3026, 2019, 39), (452, 299, 1), (249, 167, 0), (2451, 1633, 44), (1484, 989, 48), (283, 189, 0), (261, 170, 1), (4081, 2720, 0), (181, 117, 0), (757, 504, 0), (230, 155, 0), (3998, 2666, 0), (4182, 2788, 28), (3928, 2621, 44), (263, 177, 0), (4486, 2990, 55), (285, 187, 0), (314, 208, 1), (248, 163, 0), (4301, 2868, 0), (531, 353, 0), (186, 123, 0), (5172, 3449, 0), (198, 128, 0), (168, 110, 0)]
Episode:  12 / 20 Score:  31 epsilon:  0.009756714760036816 ação:  1 TempoEpisodio: 2024.17116522789 Reward: 10
listaacao: [0, 0, 1, 1, 0, 0, 0, 0, 1, 0, 0, 0, 1, 0, 0, 0, 0, 1, 0, 0, 0, 1, 1, 0, 0, 1, 0, 0, 1, 1, 0, 1]
listaRecompensa: [0, 10, 10, 10, -10, -10, 10, 10, -10, 10, 10, 10, 10, 10, 10, 10, 10, 10, 10, -10, 10, 10, 10, -10, -10, 10, 10, -10, 10, 10, -10, 10]
Medias: [(0, 0, 0), (799, 530, 0), (4064, 2708, 0), (3351, 2221, 21), (447, 298, 8), (205, 133, 2), (169, 110, 0), (175, 112, 0), (365, 244, 0), (213, 138, 0), (214, 142, 0), (207, 138, 0), (3853, 2569, 0), (165, 106, 0), (271, 184, 0), (172, 113, 0), (260, 176, 0), (5147, 3431, 0), (451, 295, 0), (243, 160, 15), (386, 255, 0), (4323, 2883, 0), (5330, 3554, 41), (498, 330, 1), (232, 154, 1), (4390, 2927, 0), (346, 232, 0), (246, 166, 4), (4557, 3041, 0), (4874, 3250, 22), (641, 429, 33), (4049, 2700, 54)]
Episode:  13 / 20 Score:  31 epsilon:  0.009756714760036816 ação:  1 TempoEpisodio: 2025.8611924648285 Reward: 10
listaacao: [1, 0, 0, 1, 0, 0, 0, 0, 1, 1, 0, 0, 0, 0, 0, 1, 0, 0, 0, 1, 1, 1, 1, 0, 0, 0, 0, 0, 0, 0, 0, 1]
listaRecompensa: [0, 10, -10, 10, -10, 10, 10, 10, 10, 10, 10, 10, 10, 10, 10, 10, 10, 10, 10, 10, -10, 10, 10, -10, 10, 10, 10, 10, 10, 10, -10, 10]
Medias: [(0, 0, 0), (258, 170, 0), (2497, 1663, 0), (2080, 1387, 0), (319, 210, 1), (171, 108, 0), (237, 157, 0), (258, 173, 0), (4240, 2826, 0), (4491, 2993, 56), (158, 102, 0), (208, 135, 0), (192, 129, 0), (200, 133, 0), (260, 175, 0), (4123, 2748, 0), (215, 142, 0), (205, 134, 0), (246, 163, 0), (4307, 2872, 0), (192, 122, 0), (4684, 3122, 53), (5228, 3488, 52), (206, 140, 1), (226, 150, 0), (342, 230, 0), (170, 106, 0), (481, 316, 0), (216, 143, 0), (394, 260, 0), (2060, 1373, 0), (2846, 1896, 0)]
Episode:  14 / 20 Score:  31 epsilon:  0.009756714760036816 ação:  0 TempoEpisodio: 2025.5650997161865 Reward: -10
listaacao: [1, 0, 0, 1, 0, 1, 1, 0, 1, 0, 0, 1, 1, 1, 1, 0, 0, 0, 1, 0, 0, 0, 0, 1, 1, 1, 0, 1, 1, 0, 0, 0]
listaRecompensa: [0, 10, -10, 10, -10, 10, 10, 10, 10, 10, 10, 10, -10, 10, 10, 10, -10, 10, -10, 10, 10, 10, 10, 10, 10, 10, -10, 10, 10, 10, 10, -10]
Medias: [(0, 0, 0), (213, 142, 0), (3997, 2665, 0), (5116, 3410, 0), (777, 514, 35), (3696, 2463, 0), (3959, 2639, 31), (278, 188, 0), (5456, 3637, 37), (164, 99, 0), (176, 115, 0), (5545, 3696, 0), (176, 114, 0), (4395, 2928, 47), (4712, 3141, 49), (166, 105, 0), (258, 172, 2), (195, 127, 0), (317, 209, 0), (218, 146, 0), (517, 347, 0), (193, 128, 0), (207, 133, 0), (4462, 2975, 0), (3808, 2538, 42), (2926, 1950, 50), (1558, 1040, 33), (4924, 3284, 59), (1815, 1206, 32), (167, 105, 0), (208, 137, 0), (2897, 1930, 0)]
Episode:  15 / 20 Score:  31 epsilon:  0.009756714760036816 ação:  1 TempoEpisodio: 2025.0766441822052 Reward: 10
listaacao: [1, 0, 0, 1, 0, 0, 0, 0, 0, 1, 0, 0, 0, 0, 0, 0, 1, 0, 0, 0, 1, 1, 1, 0, 0, 0, 0, 0, 1, 1, 1, 1]
listaRecompensa: [0, 10, 10, 10, -10, 10, 10, 10, 10, 10, 10, 10, 10, -10, -10, 10, 10, 10, -10, 10, 10, 10, 10, 10, 10, 10, 10, -10, 10, 10, 10, 10]
Medias: [(0, 0, 0), (295, 199, 0), (230, 151, 0), (3765, 2508, 0), (217, 145, 9), (231, 156, 0), (168, 113, 0), (293, 194, 0), (171, 110, 0), (4605, 3070, 0), (166, 109, 0), (206, 135, 0), (232, 155, 0), (5024, 3349, 0), (5137, 3426, 0), (295, 194, 0), (4803, 3203, 0), (249, 164, 0), (466, 307, 1), (251, 169, 0), (4586, 3057, 0), (4924, 3282, 50), (3139, 2093, 46), (178, 120, 0), (298, 201, 0), (201, 132, 0), (219, 142, 0), (3180, 2120, 0), (4392, 2927, 0), (1041, 693, 23), (3285, 2188, 45), (4287, 2858, 41)]
Episode:  16 / 20 Score:  31 epsilon:  0.009756714760036816 ação:  0 TempoEpisodio: 2024.8887753486633 Reward: 10
listaacao: [0, 0, 0, 0, 0, 1, 0, 1, 0, 1, 0, 1, 0, 0, 0, 0, 0, 1, 0, 1, 0, 0, 0, 0, 0, 0, 0, 0, 0, 0, 0, 0]
listaRecompensa: [0, -10, 10, 10, 10, 10, 10, 10, 10, 10, 10, 10, 10, 10, 10, 10, 10, 10, -10, 10, 10, 10, 10, 10, -10, -10, -10, 10, 10, 10, 10, 10]
Medias: [(0, 0, 0), (228, 152, 1), (341, 228, 0), (357, 237, 0), (232, 153, 0), (5106, 3405, 0), (228, 152, 0), (3564, 2375, 56), (179, 119, 0), (5091, 3394, 53), (294, 196, 0), (3821, 2546, 40), (247, 166, 0), (350, 231, 0), (214, 145, 0), (254, 167, 0), (180, 120, 0), (4581, 3052, 0), (1232, 819, 34), (2682, 1791, 31), (225, 146, 0), (314, 206, 0), (296, 194, 0), (239, 159, 0), (3379, 2252, 0), (1380, 921, 0), (3258, 2173, 0), (494, 326, 0), (175, 119, 0), (165, 104, 0), (178, 116, 0), (247, 164, 0)]
Episode:  17 / 20 Score:  31 epsilon:  0.009756714760036816 ação:  0 TempoEpisodio: 2026.0392997264862 Reward: 10
listaacao: [1, 0, 0, 1, 0, 0, 0, 0, 0, 0, 0, 1, 0, 0, 1, 0, 1, 1, 1, 1, 0, 0, 0, 1, 0, 0, 0, 1, 1, 0, 0, 0]
listaRecompensa: [0, -10, 10, 10, 10, -10, 10, 10, 10, 10, 10, 10, 10, 10, 10, 10, 10, 10, 10, 10, 10, 10, 10, 10, 10, 10, 10, 10, 10, 10, 10, 10]
Medias: [(0, 0, 0), (355, 238, 3), (177, 114, 0), (4386, 2926, 0), (146, 95, 0), (182, 112, 1), (186, 124, 0), (209, 136, 0), (456, 300, 0), (257, 169, 0), (397, 266, 0), (4360, 2907, 0), (167, 106, 0), (215, 142, 0), (4164, 2778, 0), (286, 190, 0), (1456, 970, 0), (4699, 3133, 40), (4692, 3129, 45), (2321, 1549, 40), (267, 178, 0), (223, 146, 0), (512, 335, 0), (4053, 2702, 0), (492, 328, 0), (158, 104, 0), (201, 134, 0), (4835, 3224, 0), (4657, 3105, 27), (176, 114, 0), (222, 150, 0), (214, 142, 0)]
Episode:  18 / 20 Score:  31 epsilon:  0.009756714760036816 ação:  0 TempoEpisodio: 2025.9900033473969 Reward: 10
listaacao: [0, 0, 0, 0, 0, 1, 0, 1, 0, 0, 1, 1, 1, 1, 0, 0, 1, 1, 0, 0, 0, 0, 0, 0, 1, 0, 0, 1, 0, 0, 0, 0]
listaRecompensa: [0, 10, 10, 10, 10, 10, 10, 10, 10, -10, 10, 10, 10, 10, 10, 10, 10, 10, 10, 10, 10, 10, 10, 10, 10, 10, 10, 10, 10, 10, 10, 10]
Medias: [(0, 0, 0), (205, 136, 0), (166, 110, 0), (209, 136, 0), (197, 127, 0), (3907, 2604, 0), (191, 124, 0), (3887, 2592, 56), (230, 151, 0), (276, 185, 15), (3662, 2441, 0), (802, 533, 55), (5164, 3442, 49), (3160, 2106, 47), (254, 169, 0), (247, 161, 0), (2970, 1981, 0), (1674, 1119, 32), (169, 111, 0), (143, 92, 0), (240, 161, 0), (488, 321, 0), (306, 203, 0), (393, 260, 0), (4505, 3003, 0), (270, 179, 0), (242, 163, 0), (4652, 3102, 0), (387, 256, 0), (150, 100, 0), (178, 113, 0), (192, 125, 0)]
Episode:  19 / 20 Score:  31 epsilon:  0.009756714760036816 ação:  1 TempoEpisodio: 2023.9330213069916 Reward: -10
listaacao: [0, 0, 0, 0, 0, 1, 1, 0, 1, 1, 0, 0, 0, 0, 0, 0, 0, 0, 1, 0, 1, 0, 0, 0, 0, 0, 1, 1, 0, 1, 0, 1]
listaRecompensa: [0, 10, 10, 10, 10, 10, 10, 10, 10, 10, -10, 10, 10, 10, 10, 10, 10, 10, 10, 10, 10, 10, 10, 10, 10, 10, 10, 10, 10, 10, 10, -10]
Medias: [(0, 0, 0), (280, 186, 0), (422, 277, 0), (195, 132, 0), (231, 154, 0), (4529, 3019, 0), (4214, 2810, 33), (231, 154, 0), (1106, 738, 4), (3344, 2228, 48), (251, 162, 1), (192, 124, 0), (183, 118, 0), (280, 185, 0), (194, 131, 0), (165, 108, 0), (213, 140, 0), (208, 136, 0), (4471, 2981, 0), (162, 111, 0), (4834, 3223, 54), (189, 123, 0), (235, 158, 0), (164, 106, 0), (272, 181, 0), (242, 161, 0), (4744, 3162, 0), (5567, 3712, 53), (305, 203, 0), (4331, 2889, 22), (460, 307, 0), (273, 181, 0)]

