Episode:  0 / 20 Score:  31 epsilon:  0.7851989098440427 ação:  1 TempoEpisodio: 1983.8644742965698 Reward: 10
listaacao: [1, 1, 1, 1, 0, 1, 1, 1, 1, 1, 1, 1, 1, 1, 1, 1, 1, 1, 1, 0, 0, 0, 1, 1, 1, 0, 0, 0, 1, 1, 1, 1]
listaRecompensa: [0, 10, 10, 10, -10, -10, -10, 10, 10, -10, 10, -10, -10, 10, -10, 10, -10, -10, -10, 10, 10, -10, -10, -10, 10, -10, -10, -10, 10, -10, -10, 10]
Medias: [(0, 0, 0), (3508, 2338, 21), (3748, 2499, 37), (4578, 3053, 43), (3533, 2354, 43), (215, 142, 0), (324, 215, 0), (489, 323, 59), (3960, 2642, 45), (253, 168, 0), (655, 436, 10), (170, 111, 0), (835, 555, 0), (3114, 2073, 45), (168, 111, 0), (417, 279, 5), (248, 162, 0), (338, 225, 0), (288, 195, 0), (275, 186, 0), (873, 582, 0), (3237, 2158, 0), (289, 193, 0), (340, 225, 0), (2088, 1393, 33), (3768, 2513, 32), (1239, 824, 0), (2682, 1786, 0), (1035, 689, 0), (260, 173, 0), (380, 252, 0), (4160, 2774, 41)]
Episode:  1 / 20 Score:  31 epsilon:  0.48410443783967744 ação:  0 TempoEpisodio: 2022.1322026252747 Reward: 10
listaacao: [0, 1, 0, 0, 0, 1, 0, 0, 1, 1, 1, 0, 0, 0, 1, 1, 0, 1, 0, 1, 1, 1, 1, 0, 0, 1, 1, 1, 1, 0, 0, 0]
listaRecompensa: [0, 10, 10, 10, 10, 10, 10, 10, 10, -10, -10, -10, -10, -10, 10, -10, 10, -10, -10, 10, 10, -10, -10, 10, -10, -10, 10, 10, 10, 10, 10, 10]
Medias: [(0, 0, 0), (3890, 2593, 41), (415, 257, 0), (234, 155, 0), (165, 110, 0), (4090, 2727, 0), (212, 140, 0), (161, 105, 0), (4114, 2743, 0), (237, 158, 0), (163, 105, 0), (4779, 3185, 42), (4444, 2963, 57), (3003, 2001, 0), (4201, 2801, 0), (329, 221, 0), (273, 185, 0), (302, 201, 0), (794, 527, 35), (3593, 2395, 58), (2869, 1912, 31), (620, 411, 0), (288, 190, 0), (315, 207, 0), (222, 149, 1), (332, 219, 0), (2729, 1817, 39), (967, 644, 34), (3968, 2646, 42), (279, 188, 0), (446, 295, 0), (183, 121, 0)]
Episode:  2 / 20 Score:  31 epsilon:  0.29846845658843124 ação:  1 TempoEpisodio: 2023.853933095932 Reward: 10
listaacao: [1, 0, 0, 0, 0, 1, 0, 0, 0, 0, 1, 0, 0, 1, 1, 0, 1, 0, 1, 0, 0, 1, 1, 1, 1, 1, 1, 1, 1, 1, 1, 1]
listaRecompensa: [0, 10, 10, -10, 10, -10, 10, 10, -10, 10, -10, 10, -10, -10, 10, -10, 10, 10, 10, -10, 10, -10, 10, 10, 10, 10, -10, 10, 10, -10, 10, 10]
Medias: [(0, 0, 0), (225, 149, 0), (495, 331, 0), (5383, 3590, 0), (178, 116, 0), (353, 237, 0), (139, 93, 0), (378, 254, 0), (4710, 3079, 0), (217, 145, 0), (145, 98, 0), (385, 257, 0), (199, 130, 2), (284, 187, 0), (4262, 2841, 22), (537, 359, 26), (3085, 2058, 30), (360, 240, 0), (1063, 709, 1), (2784, 1852, 31), (193, 125, 0), (258, 174, 0), (1536, 1024, 25), (3831, 2554, 39), (3705, 2469, 35), (499, 330, 37), (395, 263, 0), (3331, 2221, 44), (4663, 3108, 41), (299, 198, 0), (4885, 3257, 49), (4291, 2861, 42)]
Episode:  3 / 20 Score:  31 epsilon:  0.1840169447233663 ação:  1 TempoEpisodio: 2021.455003976822 Reward: -10
listaacao: [1, 0, 0, 1, 0, 0, 1, 1, 0, 0, 0, 0, 1, 0, 0, 0, 0, 0, 0, 0, 0, 0, 0, 0, 0, 0, 1, 0, 0, 0, 0, 1]
listaRecompensa: [0, -10, 10, 10, 10, 10, -10, -10, -10, 10, 10, 10, -10, -10, -10, 10, -10, -10, 10, 10, 10, 10, 10, 10, 10, 10, 10, 10, 10, 10, 10, -10]
Medias: [(0, 0, 0), (3559, 2373, 38), (162, 108, 0), (4715, 3144, 0), (365, 243, 0), (214, 139, 0), (192, 126, 0), (201, 132, 0), (461, 307, 1), (153, 102, 0), (306, 203, 0), (242, 160, 0), (155, 101, 0), (709, 474, 53), (2715, 1810, 54), (236, 154, 0), (1696, 1129, 0), (2690, 1794, 0), (369, 244, 0), (313, 210, 0), (211, 140, 0), (198, 130, 0), (265, 177, 0), (385, 258, 0), (187, 123, 0), (296, 196, 0), (4032, 2688, 0), (255, 169, 0), (593, 391, 0), (458, 305, 0), (281, 186, 0), (319, 212, 0)]
Episode:  4 / 20 Score:  31 epsilon:  0.11345331541019858 ação:  1 TempoEpisodio: 2023.1602144241333 Reward: -10
listaacao: [0, 1, 0, 0, 0, 0, 0, 0, 1, 0, 1, 0, 0, 0, 0, 0, 0, 1, 0, 1, 1, 1, 1, 0, 0, 1, 0, 0, 1, 1, 0, 1]
listaRecompensa: [0, 10, 10, 10, 10, 10, 10, 10, -10, -10, -10, -10, 10, 10, -10, -10, 10, 10, -10, -10, -10, -10, 10, 10, -10, -10, 10, 10, 10, 10, 10, -10]
Medias: [(0, 0, 0), (5197, 3465, 41), (367, 244, 0), (481, 319, 0), (227, 154, 0), (488, 322, 0), (218, 145, 0), (839, 559, 0), (203, 135, 0), (4234, 2824, 22), (393, 262, 0), (548, 366, 10), (354, 235, 0), (312, 206, 0), (1664, 1108, 0), (2631, 1753, 0), (404, 269, 0), (1409, 934, 0), (870, 581, 23), (278, 185, 0), (178, 119, 0), (506, 339, 0), (240, 157, 5), (329, 219, 0), (232, 151, 1), (203, 133, 0), (394, 261, 0), (463, 307, 0), (5042, 3361, 0), (3073, 2049, 39), (481, 323, 0), (408, 275, 0)]
Episode:  5 / 20 Score:  31 epsilon:  0.06994820393804511 ação:  1 TempoEpisodio: 2022.297260761261 Reward: -10
listaacao: [0, 0, 0, 0, 0, 0, 0, 0, 0, 1, 0, 1, 0, 1, 1, 1, 0, 0, 0, 0, 1, 0, 0, 0, 0, 0, 1, 0, 0, 0, 1, 1]
listaRecompensa: [0, 10, 10, 10, 10, 10, 10, -10, 10, 10, 10, 10, -10, -10, 10, 10, 10, 10, -10, -10, 10, -10, 10, 10, 10, 10, -10, 10, -10, 10, -10, -10]
Medias: [(0, 0, 0), (273, 184, 0), (195, 129, 0), (246, 157, 0), (229, 149, 0), (508, 337, 0), (545, 367, 0), (3574, 2384, 0), (160, 105, 0), (2980, 1987, 0), (180, 117, 0), (1055, 702, 0), (1963, 1293, 44), (537, 360, 0), (2331, 1553, 47), (2097, 1397, 39), (315, 211, 0), (300, 197, 0), (2612, 1740, 0), (2722, 1814, 0), (3524, 2350, 0), (3564, 2375, 43), (163, 107, 0), (320, 214, 0), (156, 104, 0), (163, 107, 0), (237, 160, 0), (239, 156, 0), (286, 191, 1), (479, 317, 0), (194, 122, 0), (312, 211, 0)]
Episode:  6 / 20 Score:  31 epsilon:  0.04312567875577948 ação:  0 TempoEpisodio: 2023.0430641174316 Reward: 10
listaacao: [0, 0, 0, 0, 1, 1, 1, 0, 0, 0, 0, 1, 0, 0, 1, 0, 0, 0, 0, 1, 0, 0, 0, 0, 0, 0, 1, 0, 0, 1, 0, 0]
listaRecompensa: [0, -10, 10, 10, 10, 10, 10, 10, -10, 10, 10, 10, -10, -10, -10, 10, 10, -10, 10, 10, 10, 10, 10, 10, 10, 10, 10, 10, 10, -10, 10, 10]
Medias: [(0, 0, 0), (3824, 2551, 51), (244, 162, 0), (788, 527, 0), (3927, 2618, 0), (3526, 2350, 48), (3482, 2322, 42), (444, 294, 0), (204, 133, 4), (239, 158, 0), (198, 130, 0), (1947, 1300, 0), (1368, 910, 26), (326, 218, 37), (477, 318, 0), (247, 164, 0), (210, 138, 0), (2703, 1801, 0), (181, 117, 0), (4221, 2816, 0), (551, 368, 0), (294, 194, 0), (304, 201, 0), (317, 208, 0), (203, 136, 0), (161, 109, 0), (2731, 1822, 0), (178, 117, 0), (195, 129, 0), (337, 223, 0), (222, 150, 0), (494, 327, 0)]
Episode:  7 / 20 Score:  31 epsilon:  0.02658859074914894 ação:  1 TempoEpisodio: 2022.8747880458832 Reward: 10
listaacao: [0, 0, 0, 0, 0, 1, 0, 0, 1, 0, 0, 1, 1, 0, 1, 0, 0, 0, 0, 0, 0, 0, 1, 1, 0, 0, 0, 1, 1, 0, 1, 1]
listaRecompensa: [0, 10, 10, 10, 10, 10, -10, -10, 10, 10, 10, 10, 10, 10, -10, 10, 10, 10, 10, 10, 10, 10, 10, 10, 10, -10, 10, 10, -10, 10, 10, 10]
Medias: [(0, 0, 0), (348, 229, 0), (252, 167, 0), (366, 243, 0), (471, 314, 0), (2709, 1807, 0), (258, 173, 1), (1390, 926, 0), (2491, 1662, 0), (338, 224, 0), (271, 177, 0), (2479, 1653, 0), (1746, 1116, 44), (456, 304, 0), (320, 211, 0), (373, 248, 0), (342, 226, 0), (414, 276, 0), (162, 109, 0), (428, 284, 0), (734, 489, 0), (177, 119, 0), (5065, 3376, 0), (4538, 3025, 44), (306, 202, 0), (326, 216, 2), (266, 177, 0), (4349, 2901, 0), (380, 253, 0), (368, 245, 0), (3066, 2045, 53), (4488, 2977, 39)]
Episode:  8 / 20 Score:  31 epsilon:  0.016392858696304843 ação:  0 TempoEpisodio: 2021.9605565071106 Reward: -10
listaacao: [0, 0, 0, 1, 1, 1, 1, 0, 0, 1, 0, 0, 0, 1, 0, 0, 0, 0, 0, 1, 0, 0, 1, 0, 0, 0, 0, 0, 0, 1, 0, 0]
listaRecompensa: [0, 10, 10, 10, 10, 10, -10, 10, -10, 10, 10, 10, 10, 10, 10, 10, 10, 10, 10, -10, -10, 10, 10, 10, 10, 10, 10, 10, 10, 10, -10, -10]
Medias: [(0, 0, 0), (205, 135, 0), (315, 210, 0), (4278, 2851, 0), (2428, 1621, 23), (159, 106, 1), (210, 139, 0), (283, 186, 0), (1712, 1137, 0), (1998, 1332, 0), (207, 137, 0), (379, 251, 0), (223, 149, 0), (2468, 1647, 0), (275, 182, 0), (558, 371, 0), (296, 198, 0), (183, 118, 0), (413, 273, 0), (254, 170, 0), (344, 228, 8), (195, 128, 0), (3225, 2151, 0), (288, 191, 0), (614, 407, 0), (189, 126, 0), (241, 158, 0), (298, 195, 0), (244, 160, 0), (3974, 2648, 0), (374, 247, 2), (277, 184, 13)]
Episode:  9 / 20 Score:  31 epsilon:  0.010106809299233686 ação:  1 TempoEpisodio: 2021.5559754371643 Reward: 10
listaacao: [1, 0, 0, 0, 1, 1, 0, 0, 0, 0, 0, 1, 0, 0, 1, 1, 0, 0, 0, 0, 0, 1, 0, 0, 0, 0, 0, 0, 0, 0, 0, 1]
listaRecompensa: [0, 10, -10, 10, 10, 10, 10, 10, 10, 10, 10, 10, 10, 10, 10, 10, 10, 10, 10, 10, 10, -10, 10, 10, 10, -10, 10, 10, 10, 10, 10, 10]
Medias: [(0, 0, 0), (242, 158, 0), (471, 315, 7), (285, 190, 0), (1546, 1028, 0), (2885, 1924, 41), (172, 112, 0), (191, 123, 0), (415, 275, 0), (533, 352, 0), (204, 132, 0), (2986, 1991, 0), (270, 175, 0), (242, 159, 0), (2966, 1977, 0), (4090, 2727, 45), (162, 108, 0), (160, 103, 0), (168, 111, 0), (645, 430, 0), (327, 197, 0), (184, 120, 0), (261, 174, 0), (152, 98, 0), (389, 260, 0), (4169, 2780, 0), (171, 115, 0), (155, 99, 0), (227, 146, 0), (386, 257, 0), (354, 235, 0), (2591, 1726, 0)]
Episode:  10 / 20 Score:  31 epsilon:  0.009955207159745181 ação:  0 TempoEpisodio: 2025.5713703632355 Reward: 10
listaacao: [0, 0, 0, 0, 1, 0, 1, 1, 1, 1, 1, 1, 0, 1, 0, 1, 0, 0, 0, 0, 0, 0, 0, 1, 0, 1, 1, 1, 0, 0, 1, 0]
listaRecompensa: [0, 10, 10, -10, 10, 10, 10, 10, 10, -10, 10, -10, 10, 10, 10, 10, 10, 10, 10, 10, -10, 10, 10, 10, 10, 10, 10, 10, 10, 10, 10, 10]
Medias: [(0, 0, 0), (206, 135, 0), (262, 175, 0), (2072, 1381, 0), (2164, 1443, 0), (302, 202, 0), (1750, 1169, 0), (3460, 2308, 21), (1002, 667, 34), (254, 168, 0), (3672, 2449, 42), (214, 143, 0), (204, 132, 0), (4914, 3276, 42), (239, 160, 0), (4559, 3040, 42), (558, 372, 0), (207, 138, 0), (191, 124, 0), (315, 209, 0), (3613, 2410, 0), (344, 229, 0), (307, 204, 0), (1534, 1022, 0), (417, 278, 0), (3656, 2439, 0), (4403, 2935, 40), (3268, 2178, 34), (183, 120, 0), (667, 446, 0), (2938, 1960, 0), (287, 194, 0)]
Episode:  11 / 20 Score:  31 epsilon:  0.009955207159745181 ação:  0 TempoEpisodio: 2022.7229068279266 Reward: 10
listaacao: [0, 0, 0, 0, 0, 0, 0, 0, 0, 0, 0, 1, 0, 0, 1, 1, 0, 1, 0, 0, 1, 1, 1, 0, 0, 0, 1, 1, 1, 0, 0, 0]
listaRecompensa: [0, 10, 10, 10, 10, 10, 10, 10, 10, 10, 10, 10, 10, 10, 10, -10, 10, 10, 10, 10, 10, -10, 10, 10, 10, 10, 10, 10, 10, 10, 10, 10]
Medias: [(0, 0, 0), (225, 147, 0), (286, 189, 0), (160, 101, 0), (196, 131, 0), (247, 165, 0), (174, 112, 0), (164, 105, 0), (268, 177, 0), (389, 257, 0), (234, 152, 0), (4143, 2761, 0), (245, 160, 0), (176, 116, 0), (3385, 2257, 0), (206, 136, 0), (163, 107, 0), (3200, 2135, 51), (339, 226, 0), (162, 107, 0), (4065, 2710, 0), (263, 177, 0), (4963, 3309, 44), (161, 107, 0), (389, 260, 0), (589, 392, 0), (3711, 2474, 0), (3708, 2474, 29), (2690, 1790, 30), (229, 150, 0), (258, 169, 0), (195, 127, 0)]
Episode:  12 / 20 Score:  31 epsilon:  0.009955207159745181 ação:  1 TempoEpisodio: 2024.7522053718567 Reward: -10
listaacao: [0, 0, 0, 0, 0, 0, 0, 0, 1, 0, 0, 0, 0, 0, 0, 1, 1, 0, 0, 0, 0, 0, 1, 1, 0, 0, 1, 0, 1, 0, 0, 1]
listaRecompensa: [0, 10, 10, 10, -10, 10, 10, 10, 10, 10, 10, 10, 10, 10, 10, 10, 10, 10, 10, 10, -10, 10, 10, 10, -10, -10, 10, -10, 10, 10, -10, -10]
Medias: [(0, 0, 0), (225, 148, 0), (166, 107, 0), (395, 264, 0), (3478, 2320, 0), (462, 306, 0), (356, 234, 0), (219, 145, 0), (3246, 2163, 0), (239, 162, 0), (282, 187, 0), (487, 327, 0), (527, 352, 0), (171, 89, 0), (163, 112, 0), (5303, 3536, 0), (3786, 2523, 25), (428, 285, 0), (259, 172, 0), (222, 146, 0), (3231, 2155, 0), (178, 120, 0), (3298, 2200, 0), (3191, 2127, 26), (625, 416, 1), (3236, 2156, 32), (2828, 1883, 0), (1394, 927, 41), (1392, 930, 31), (322, 216, 0), (200, 132, 1), (148, 100, 0)]
Episode:  13 / 20 Score:  31 epsilon:  0.009955207159745181 ação:  0 TempoEpisodio: 2024.1534950733185 Reward: 10
listaacao: [0, 1, 0, 0, 1, 0, 1, 1, 0, 0, 0, 1, 0, 1, 1, 0, 0, 1, 0, 1, 0, 0, 1, 0, 0, 0, 0, 0, 0, 1, 0, 0]
listaRecompensa: [0, 10, 10, 10, -10, -10, 10, 10, -10, -10, 10, -10, 10, -10, 10, -10, 10, 10, 10, 10, 10, 10, -10, 10, 10, 10, 10, 10, 10, 10, 10, 10]
Medias: [(0, 0, 0), (2716, 1810, 0), (294, 193, 0), (360, 237, 0), (286, 189, 0), (516, 343, 4), (4199, 2800, 45), (3855, 2572, 45), (290, 191, 7), (359, 240, 4), (490, 325, 0), (589, 392, 0), (246, 159, 0), (370, 244, 0), (4181, 2787, 18), (225, 148, 2), (281, 188, 0), (4324, 2883, 0), (194, 127, 0), (3834, 2555, 22), (350, 230, 0), (232, 150, 0), (256, 169, 0), (308, 204, 0), (258, 168, 0), (359, 239, 0), (545, 365, 0), (172, 114, 0), (304, 203, 0), (3143, 2096, 0), (502, 334, 0), (286, 189, 0)]
Episode:  14 / 20 Score:  31 epsilon:  0.009955207159745181 ação:  0 TempoEpisodio: 2024.819499015808 Reward: 10
listaacao: [0, 1, 1, 1, 0, 0, 1, 1, 0, 0, 0, 1, 1, 0, 0, 0, 0, 1, 0, 0, 1, 1, 1, 1, 1, 0, 0, 1, 0, 1, 0, 0]
listaRecompensa: [0, 10, 10, 10, -10, 10, -10, 10, -10, 10, 10, 10, -10, 10, 10, 10, 10, 10, 10, 10, -10, 10, 10, 10, 10, 10, -10, -10, 10, 10, 10, 10]
Medias: [(0, 0, 0), (4490, 2994, 0), (376, 249, 7), (3919, 2611, 41), (766, 511, 30), (167, 108, 0), (336, 225, 0), (3504, 2335, 19), (319, 215, 1), (251, 167, 0), (340, 230, 0), (2898, 1933, 0), (406, 271, 0), (289, 192, 0), (363, 240, 0), (280, 189, 0), (262, 172, 0), (3082, 2054, 0), (179, 116, 0), (312, 208, 0), (320, 210, 0), (1357, 904, 47), (2511, 1674, 40), (1717, 1144, 47), (716, 476, 17), (404, 268, 0), (3331, 2221, 0), (843, 562, 0), (320, 212, 0), (4520, 3014, 53), (255, 171, 0), (321, 212, 0)]
Episode:  15 / 20 Score:  31 epsilon:  0.009955207159745181 ação:  0 TempoEpisodio: 2023.4969549179077 Reward: 10
listaacao: [1, 0, 0, 0, 0, 0, 0, 0, 0, 0, 0, 1, 0, 0, 1, 1, 1, 1, 0, 0, 0, 1, 0, 1, 0, 0, 0, 0, 0, 1, 0, 0]
listaRecompensa: [0, -10, -10, 10, 10, 10, 10, 10, 10, 10, 10, 10, 10, 10, -10, 10, 10, 10, 10, 10, 10, -10, 10, 10, 10, 10, 10, 10, 10, 10, 10, 10]
Medias: [(0, 0, 0), (332, 219, 1), (262, 176, 2), (345, 233, 0), (456, 304, 0), (164, 108, 0), (170, 111, 0), (178, 113, 0), (166, 109, 0), (170, 116, 0), (218, 145, 0), (2636, 1757, 0), (597, 397, 0), (290, 194, 0), (479, 319, 0), (2540, 1693, 34), (1098, 730, 40), (2037, 1358, 41), (206, 139, 0), (284, 188, 0), (847, 567, 0), (442, 293, 0), (188, 125, 0), (3589, 2393, 0), (261, 174, 0), (199, 133, 0), (482, 323, 0), (184, 119, 0), (177, 115, 0), (3215, 2143, 0), (164, 105, 0), (604, 400, 0)]
Episode:  16 / 20 Score:  31 epsilon:  0.009955207159745181 ação:  0 TempoEpisodio: 2024.1272101402283 Reward: 10
listaacao: [0, 0, 1, 1, 0, 0, 0, 0, 1, 0, 1, 0, 1, 0, 0, 1, 0, 1, 1, 1, 1, 1, 0, 1, 0, 0, 1, 1, 0, 0, 0, 0]
listaRecompensa: [0, 10, 10, 10, 10, 10, 10, 10, 10, 10, -10, -10, 10, 10, -10, -10, -10, 10, 10, 10, 10, 10, 10, 10, 10, -10, 10, 10, 10, 10, 10, 10]
Medias: [(0, 0, 0), (278, 185, 0), (4338, 2893, 0), (4152, 2768, 27), (510, 339, 0), (909, 607, 0), (320, 215, 0), (358, 238, 0), (4025, 2616, 0), (166, 109, 0), (320, 211, 0), (492, 328, 3), (3853, 2571, 36), (420, 280, 0), (424, 281, 11), (339, 227, 0), (392, 258, 1), (1613, 1076, 0), (1276, 848, 28), (3139, 2093, 54), (1262, 839, 41), (3022, 2014, 36), (716, 476, 0), (3222, 2149, 0), (154, 99, 0), (410, 273, 1), (2265, 1509, 0), (4631, 3087, 36), (203, 132, 0), (277, 185, 0), (211, 142, 0), (259, 171, 0)]
Episode:  17 / 20 Score:  31 epsilon:  0.009955207159745181 ação:  1 TempoEpisodio: 2025.0269000530243 Reward: 10
listaacao: [1, 1, 0, 1, 0, 0, 0, 1, 0, 0, 0, 0, 1, 1, 0, 0, 1, 1, 1, 0, 0, 1, 1, 0, 1, 0, 0, 0, 1, 0, 0, 1]
listaRecompensa: [0, 10, 10, -10, -10, -10, -10, 10, 10, 10, 10, 10, 10, 10, 10, 10, 10, 10, 10, 10, 10, 10, -10, -10, 10, 10, 10, 10, 10, 10, 10, 10]
Medias: [(0, 0, 0), (3287, 2192, 35), (239, 159, 0), (246, 159, 0), (303, 203, 1), (356, 238, 22), (3760, 2507, 0), (4064, 2709, 0), (282, 187, 0), (315, 210, 0), (198, 129, 0), (350, 232, 0), (1431, 952, 0), (1996, 1329, 40), (275, 183, 0), (257, 174, 0), (3021, 2013, 0), (4778, 3185, 50), (1260, 837, 45), (553, 369, 0), (423, 283, 0), (3853, 2569, 0), (363, 241, 0), (166, 108, 1), (5402, 3601, 56), (215, 141, 0), (168, 111, 0), (269, 180, 0), (3197, 2133, 0), (233, 156, 0), (521, 346, 0), (3291, 2195, 0)]
Episode:  18 / 20 Score:  31 epsilon:  0.009955207159745181 ação:  0 TempoEpisodio: 2025.4851434230804 Reward: 10
listaacao: [1, 0, 0, 0, 0, 1, 1, 1, 1, 0, 0, 1, 1, 1, 1, 1, 0, 0, 0, 0, 0, 0, 0, 0, 0, 0, 0, 0, 0, 0, 0, 0]
listaRecompensa: [0, -10, 10, -10, 10, 10, 10, 10, -10, 10, 10, 10, 10, 10, 10, 10, 10, 10, 10, 10, 10, 10, 10, 10, 10, 10, 10, 10, 10, 10, 10, 10]
Medias: [(0, 0, 0), (456, 305, 2), (436, 286, 0), (3673, 2448, 0), (269, 181, 0), (3183, 2120, 0), (648, 428, 42), (2613, 1742, 39), (204, 134, 0), (203, 133, 0), (188, 120, 0), (1859, 1239, 0), (4389, 2927, 16), (3694, 2462, 39), (3762, 2509, 42), (1077, 718, 43), (208, 138, 0), (249, 164, 0), (250, 166, 0), (410, 274, 0), (439, 292, 0), (348, 232, 0), (438, 292, 0), (624, 415, 0), (344, 226, 0), (294, 193, 0), (500, 334, 0), (375, 250, 0), (187, 125, 0), (213, 139, 0), (176, 115, 0), (303, 201, 0)]
Episode:  19 / 20 Score:  31 epsilon:  0.009955207159745181 ação:  0 TempoEpisodio: 2023.8823194503784 Reward: 10
listaacao: [1, 0, 1, 0, 0, 1, 1, 0, 1, 0, 0, 0, 0, 0, 0, 0, 1, 0, 1, 1, 1, 0, 0, 0, 0, 1, 0, 0, 0, 0, 0, 0]
listaRecompensa: [0, 10, 10, 10, 10, 10, 10, -10, 10, -10, 10, 10, 10, 10, 10, 10, 10, -10, 10, -10, -10, -10, 10, 10, 10, 10, 10, 10, 10, 10, 10, 10]
Medias: [(0, 0, 0), (214, 143, 0), (2328, 1551, 21), (170, 109, 0), (484, 322, 0), (1206, 803, 0), (2693, 1797, 42), (1778, 1183, 47), (1480, 987, 28), (395, 264, 1), (317, 210, 0), (188, 125, 0), (172, 109, 0), (321, 213, 0), (437, 293, 0), (218, 143, 0), (4398, 2933, 0), (153, 103, 1), (4478, 2985, 56), (170, 112, 0), (182, 121, 0), (256, 170, 3), (149, 94, 0), (243, 163, 0), (286, 188, 0), (5031, 3353, 0), (287, 191, 0), (293, 196, 0), (478, 322, 0), (294, 196, 0), (376, 253, 0), (191, 128, 0)]
