Episode:  0 / 20 Score:  31 epsilon:  0.7851989098440427 ação:  0 TempoEpisodio: 1985.283906698227 Reward: -10
listaacao: [0, 1, 1, 0, 0, 0, 1, 1, 0, 1, 1, 0, 1, 0, 0, 0, 1, 0, 1, 1, 0, 0, 0, 1, 1, 1, 1, 0, 0, 1, 1, 0]
listaRecompensa: [0, -10, 10, -10, 10, 10, -10, -10, 10, 10, 10, -10, -10, 10, 10, 10, 10, 10, -10, 10, -10, -10, 10, -10, -10, 10, 10, -10, 10, -10, -10, -10]
Medias: [(0, 0, 0), (159, 108, 0), (4976, 3316, 57), (237, 157, 1), (552, 369, 0), (187, 123, 0), (172, 111, 0), (446, 298, 0), (200, 128, 0), (4202, 2802, 53), (3305, 2202, 37), (260, 172, 5), (162, 105, 0), (153, 100, 0), (205, 140, 0), (212, 141, 0), (4851, 3235, 0), (171, 114, 0), (276, 184, 0), (224, 145, 6), (174, 115, 5), (294, 192, 6), (156, 102, 0), (345, 227, 0), (174, 114, 0), (3966, 2645, 46), (4407, 2934, 50), (263, 176, 1), (191, 122, 0), (432, 291, 0), (354, 235, 0), (2097, 1395, 50)]
Episode:  1 / 20 Score:  31 epsilon:  0.48410443783967744 ação:  1 TempoEpisodio: 2021.5327730178833 Reward: 10
listaacao: [0, 0, 1, 1, 1, 1, 0, 0, 1, 0, 1, 0, 0, 0, 1, 0, 0, 0, 0, 1, 1, 1, 1, 0, 0, 1, 0, 0, 0, 0, 1, 1]
listaRecompensa: [0, -10, -10, 10, 10, -10, 10, 10, 10, 10, 10, -10, 10, 10, 10, -10, 10, -10, 10, 10, -10, -10, 10, 10, 10, 10, -10, -10, -10, -10, 10, 10]
Medias: [(0, 0, 0), (1636, 1088, 0), (308, 201, 0), (3450, 2299, 52), (1012, 673, 45), (171, 107, 0), (173, 121, 0), (176, 114, 0), (4889, 3261, 0), (226, 147, 0), (224, 145, 7), (4884, 3255, 45), (172, 113, 0), (218, 146, 0), (4561, 3041, 0), (3638, 2425, 46), (197, 129, 0), (4933, 3289, 0), (181, 121, 0), (4274, 2850, 0), (473, 314, 0), (168, 106, 0), (5190, 3459, 50), (305, 201, 0), (192, 127, 0), (4857, 3239, 0), (4671, 3114, 49), (3132, 2088, 56), (1914, 1277, 0), (2955, 1972, 0), (2603, 1738, 0), (4476, 2909, 36)]
Episode:  2 / 20 Score:  31 epsilon:  0.29846845658843124 ação:  0 TempoEpisodio: 2021.2127265930176 Reward: 10
listaacao: [1, 0, 1, 0, 0, 1, 0, 0, 0, 1, 0, 0, 1, 1, 1, 1, 0, 0, 0, 1, 0, 0, 0, 0, 1, 1, 1, 0, 1, 1, 1, 0]
listaRecompensa: [0, -10, 10, 10, 10, 10, -10, 10, 10, 10, 10, 10, -10, 10, -10, 10, 10, 10, 10, -10, 10, 10, 10, -10, -10, -10, -10, -10, 10, 10, -10, 10]
Medias: [(0, 0, 0), (3722, 2479, 48), (1343, 894, 53), (211, 141, 0), (210, 139, 0), (5118, 3412, 0), (4787, 3192, 34), (394, 263, 0), (372, 249, 0), (3690, 2460, 0), (187, 122, 0), (306, 202, 0), (535, 356, 0), (4512, 3008, 55), (217, 143, 0), (5084, 3389, 46), (280, 186, 0), (173, 108, 0), (244, 163, 0), (237, 156, 0), (155, 99, 0), (286, 192, 0), (203, 132, 0), (4774, 3049, 0), (271, 177, 0), (225, 148, 0), (201, 134, 0), (343, 229, 1), (1896, 1264, 0), (1672, 1113, 23), (226, 150, 0), (751, 501, 0)]
Episode:  3 / 20 Score:  31 epsilon:  0.1840169447233663 ação:  1 TempoEpisodio: 2023.377822637558 Reward: 10
listaacao: [0, 1, 0, 0, 0, 0, 1, 1, 0, 1, 0, 1, 1, 1, 0, 0, 1, 0, 0, 0, 0, 1, 1, 0, 0, 1, 1, 0, 0, 0, 0, 1]
listaRecompensa: [0, 10, 10, -10, 10, 10, 10, 10, 10, 10, 10, 10, 10, 10, 10, -10, -10, 10, 10, 10, 10, 10, 10, 10, 10, -10, 10, -10, 10, 10, 10, 10]
Medias: [(0, 0, 0), (1088, 725, 0), (328, 218, 0), (259, 168, 4), (172, 103, 0), (241, 163, 0), (4592, 3062, 0), (4919, 3278, 46), (157, 101, 0), (4339, 2893, 51), (217, 147, 0), (4468, 2979, 27), (266, 175, 1), (5080, 3386, 49), (226, 151, 0), (461, 304, 24), (276, 181, 0), (294, 198, 0), (212, 138, 0), (376, 252, 0), (545, 364, 0), (3891, 2595, 0), (304, 204, 1), (195, 129, 0), (244, 161, 0), (198, 132, 0), (2374, 1583, 52), (2194, 1463, 39), (263, 175, 0), (264, 174, 0), (175, 114, 0), (3786, 2523, 0)]
Episode:  4 / 20 Score:  31 epsilon:  0.11345331541019858 ação:  0 TempoEpisodio: 2024.0333783626556 Reward: 10
listaacao: [0, 0, 0, 0, 0, 1, 0, 0, 0, 0, 0, 1, 0, 1, 0, 0, 0, 0, 1, 0, 0, 0, 1, 0, 0, 0, 0, 0, 1, 0, 0, 0]
listaRecompensa: [0, -10, 10, 10, 10, 10, 10, 10, 10, 10, 10, 10, 10, 10, -10, 10, -10, 10, 10, 10, -10, -10, 10, 10, 10, 10, 10, 10, 10, 10, 10, 10]
Medias: [(0, 0, 0), (376, 250, 1), (295, 198, 0), (213, 142, 0), (202, 135, 0), (4325, 2884, 0), (290, 193, 0), (308, 206, 0), (170, 112, 0), (185, 121, 0), (331, 220, 0), (4851, 3233, 0), (280, 185, 0), (4383, 2923, 52), (5223, 3481, 48), (252, 168, 0), (3294, 2194, 0), (791, 529, 0), (3176, 2118, 0), (290, 191, 0), (272, 178, 1), (1330, 887, 0), (1817, 1211, 0), (190, 126, 0), (396, 260, 0), (169, 109, 0), (207, 134, 0), (207, 134, 0), (4359, 2907, 0), (465, 310, 0), (204, 130, 0), (219, 147, 0)]
Episode:  5 / 20 Score:  31 epsilon:  0.06994820393804511 ação:  0 TempoEpisodio: 2022.3882718086243 Reward: 10
listaacao: [0, 0, 0, 1, 0, 0, 0, 0, 0, 0, 0, 0, 1, 0, 0, 0, 1, 0, 0, 0, 0, 0, 0, 0, 1, 0, 0, 0, 0, 0, 0, 0]
listaRecompensa: [0, 10, 10, 10, 10, 10, 10, 10, 10, 10, 10, 10, 10, 10, 10, 10, 10, 10, -10, 10, 10, 10, 10, -10, 10, -10, 10, 10, 10, 10, 10, 10]
Medias: [(0, 0, 0), (193, 127, 0), (233, 155, 0), (5579, 3719, 0), (300, 202, 0), (185, 122, 0), (181, 119, 0), (308, 203, 0), (207, 132, 0), (192, 129, 0), (303, 200, 0), (271, 180, 0), (5093, 3396, 0), (295, 194, 0), (256, 170, 0), (283, 188, 0), (2984, 1987, 0), (276, 183, 0), (273, 184, 1), (252, 167, 0), (363, 243, 0), (197, 128, 0), (200, 129, 0), (2206, 1471, 0), (1518, 1012, 0), (389, 258, 4), (356, 234, 0), (303, 202, 0), (500, 331, 0), (197, 130, 0), (344, 230, 0), (294, 195, 0)]
Episode:  6 / 20 Score:  31 epsilon:  0.04312567875577948 ação:  0 TempoEpisodio: 2021.5695631504059 Reward: 10
listaacao: [0, 0, 1, 1, 1, 0, 0, 0, 0, 0, 0, 0, 0, 1, 1, 1, 0, 0, 0, 1, 0, 1, 0, 0, 0, 0, 0, 0, 0, 0, 0, 0]
listaRecompensa: [0, 10, 10, 10, 10, 10, 10, 10, 10, 10, 10, 10, 10, 10, 10, 10, 10, 10, -10, 10, 10, -10, 10, 10, 10, -10, 10, 10, 10, 10, 10, 10]
Medias: [(0, 0, 0), (166, 107, 0), (4093, 2729, 0), (5949, 3966, 47), (4650, 3100, 47), (156, 103, 0), (226, 149, 0), (259, 171, 0), (160, 102, 0), (214, 143, 0), (454, 303, 0), (170, 110, 0), (219, 144, 0), (4034, 2690, 0), (3652, 2436, 56), (4304, 2869, 49), (172, 115, 0), (317, 211, 0), (2392, 1597, 0), (1358, 901, 0), (266, 174, 0), (303, 202, 0), (301, 198, 0), (191, 128, 0), (251, 169, 0), (4013, 2676, 0), (492, 329, 0), (171, 112, 0), (238, 157, 0), (260, 173, 0), (169, 108, 0), (215, 142, 0)]
Episode:  7 / 20 Score:  31 epsilon:  0.02658859074914894 ação:  0 TempoEpisodio: 2022.8932576179504 Reward: 10
listaacao: [0, 0, 0, 0, 0, 0, 0, 0, 0, 1, 0, 0, 1, 1, 0, 0, 0, 1, 1, 1, 0, 0, 0, 0, 0, 0, 0, 0, 0, 1, 0, 0]
listaRecompensa: [0, 10, 10, 10, 10, 10, 10, 10, 10, 10, 10, 10, 10, 10, 10, 10, 10, 10, 10, 10, 10, 10, 10, 10, 10, 10, 10, 10, 10, 10, 10, 10]
Medias: [(0, 0, 0), (173, 112, 0), (199, 130, 0), (186, 115, 0), (363, 240, 0), (274, 182, 0), (254, 170, 0), (458, 307, 0), (164, 102, 0), (4667, 3113, 0), (486, 325, 0), (391, 259, 0), (2891, 1927, 0), (2433, 1621, 52), (320, 213, 0), (199, 129, 0), (208, 140, 0), (2235, 1488, 0), (4521, 3016, 37), (1304, 868, 38), (155, 99, 0), (188, 124, 0), (516, 343, 0), (205, 133, 0), (198, 131, 0), (234, 156, 0), (198, 132, 0), (353, 236, 0), (544, 362, 0), (4453, 2969, 0), (195, 131, 0), (176, 112, 0)]
Episode:  8 / 20 Score:  31 epsilon:  0.016392858696304843 ação:  1 TempoEpisodio: 2022.7464454174042 Reward: 10
listaacao: [0, 1, 1, 0, 0, 0, 1, 1, 1, 0, 1, 0, 0, 0, 0, 0, 0, 0, 0, 0, 0, 0, 0, 1, 0, 0, 1, 1, 0, 1, 0, 1]
listaRecompensa: [0, 10, -10, 10, 10, 10, 10, -10, 10, 10, 10, 10, 10, -10, 10, 10, 10, 10, 10, 10, 10, 10, 10, 10, 10, 10, 10, 10, 10, 10, 10, 10]
Medias: [(0, 0, 0), (3684, 2456, 0), (171, 112, 0), (288, 193, 0), (264, 178, 0), (209, 139, 0), (4522, 3015, 0), (168, 110, 0), (5187, 3456, 53), (199, 131, 0), (3708, 2472, 52), (195, 126, 0), (813, 541, 0), (2305, 1535, 0), (209, 140, 0), (164, 107, 0), (410, 274, 0), (258, 170, 0), (273, 182, 0), (254, 165, 0), (441, 295, 0), (186, 119, 0), (251, 169, 0), (4742, 3160, 0), (230, 156, 0), (386, 257, 0), (5119, 3412, 0), (3870, 2579, 29), (351, 234, 0), (4848, 3232, 58), (182, 121, 0), (5051, 3367, 32)]
Episode:  9 / 20 Score:  31 epsilon:  0.010106809299233686 ação:  1 TempoEpisodio: 2025.4480299949646 Reward: 10
listaacao: [0, 1, 0, 0, 1, 0, 1, 1, 1, 0, 1, 1, 0, 0, 1, 1, 1, 1, 0, 0, 0, 0, 0, 1, 0, 0, 1, 0, 1, 1, 1, 1]
listaRecompensa: [0, 10, 10, -10, 10, -10, 10, 10, 10, -10, 10, 10, -10, 10, 10, 10, 10, 10, 10, -10, 10, 10, 10, 10, 10, 10, 10, 10, -10, 10, 10, 10]
Medias: [(0, 0, 0), (4455, 2971, 40), (208, 139, 0), (324, 219, 1), (3867, 2580, 0), (291, 195, 1), (4360, 2906, 16), (4539, 3025, 50), (3562, 2372, 46), (1499, 999, 56), (4758, 3173, 57), (2916, 1941, 37), (205, 136, 1), (183, 124, 0), (3594, 2395, 0), (1630, 1085, 42), (2794, 1863, 54), (1010, 674, 33), (192, 123, 0), (4389, 2927, 51), (341, 228, 0), (379, 253, 0), (404, 267, 0), (4946, 3297, 0), (335, 223, 0), (318, 211, 0), (4725, 3150, 0), (154, 97, 0), (329, 217, 0), (4630, 3087, 17), (4754, 3170, 46), (4792, 3194, 51)]
Episode:  10 / 20 Score:  31 epsilon:  0.009955207159745181 ação:  0 TempoEpisodio: 2023.3597149848938 Reward: 10
listaacao: [0, 1, 1, 0, 0, 0, 1, 0, 0, 1, 1, 1, 1, 1, 0, 0, 1, 1, 1, 0, 0, 0, 0, 1, 0, 0, 1, 1, 0, 0, 0, 0]
listaRecompensa: [0, 10, 10, -10, -10, 10, 10, 10, -10, 10, 10, 10, 10, 10, -10, 10, 10, 10, 10, -10, 10, 10, 10, 10, 10, -10, 10, 10, 10, 10, 10, 10]
Medias: [(0, 0, 0), (4774, 3183, 55), (5154, 3435, 48), (205, 137, 7), (201, 131, 1), (460, 302, 0), (3449, 2300, 0), (313, 205, 0), (1432, 952, 0), (2200, 1465, 0), (1856, 1239, 37), (1728, 1148, 41), (2690, 1792, 48), (4323, 2881, 47), (659, 437, 28), (211, 140, 0), (4414, 2941, 0), (223, 145, 1), (4312, 2875, 50), (832, 407, 43), (231, 152, 0), (183, 115, 0), (167, 110, 0), (3237, 2159, 0), (177, 118, 0), (753, 499, 5), (4704, 3136, 0), (4151, 2767, 42), (157, 103, 0), (155, 105, 0), (211, 137, 0), (215, 140, 0)]
Episode:  11 / 20 Score:  31 epsilon:  0.009955207159745181 ação:  0 TempoEpisodio: 2023.7402970790863 Reward: 10
listaacao: [1, 0, 1, 0, 0, 0, 0, 1, 1, 0, 0, 1, 0, 0, 1, 1, 0, 0, 0, 0, 1, 0, 0, 0, 0, 1, 0, 0, 0, 0, 0, 0]
listaRecompensa: [0, -10, 10, -10, -10, -10, 10, 10, 10, 10, 10, 10, 10, 10, 10, 10, 10, 10, 10, 10, 10, 10, 10, 10, 10, -10, 10, 10, 10, 10, 10, 10]
Medias: [(0, 0, 0), (437, 291, 53), (3898, 2599, 55), (1133, 756, 36), (1133, 756, 36), (3201, 2138, 23), (236, 152, 0), (2020, 1348, 0), (2188, 1456, 46), (398, 261, 0), (346, 224, 0), (4049, 2700, 0), (969, 646, 0), (294, 198, 0), (3385, 2257, 0), (5002, 3336, 25), (390, 259, 0), (160, 107, 0), (164, 107, 0), (166, 108, 0), (5375, 3583, 0), (321, 213, 0), (285, 189, 0), (182, 120, 0), (476, 318, 0), (318, 212, 0), (168, 107, 0), (262, 171, 0), (228, 152, 0), (181, 118, 0), (198, 133, 0), (199, 132, 0)]
Episode:  12 / 20 Score:  31 epsilon:  0.009955207159745181 ação:  1 TempoEpisodio: 2024.2021346092224 Reward: -10
listaacao: [1, 1, 0, 0, 0, 1, 0, 0, 0, 1, 1, 0, 0, 1, 0, 0, 0, 1, 1, 1, 1, 0, 0, 1, 0, 1, 0, 0, 1, 1, 1, 1]
listaRecompensa: [0, 10, 10, -10, 10, 10, -10, 10, 10, 10, 10, -10, 10, -10, -10, 10, 10, 10, 10, 10, 10, -10, 10, 10, 10, 10, 10, 10, 10, 10, 10, -10]
Medias: [(0, 0, 0), (3443, 2294, 46), (213, 139, 0), (395, 260, 7), (257, 172, 0), (2941, 1960, 0), (1954, 1299, 50), (181, 118, 0), (314, 209, 0), (4349, 2898, 0), (4439, 2958, 48), (186, 120, 1), (230, 153, 0), (178, 120, 0), (211, 142, 1), (411, 274, 0), (193, 130, 0), (4119, 2745, 0), (4025, 2683, 42), (4556, 3038, 52), (5504, 3669, 43), (238, 156, 1), (200, 134, 0), (4747, 3164, 0), (330, 220, 0), (5265, 3511, 25), (281, 188, 0), (177, 115, 0), (3484, 2323, 0), (604, 405, 52), (2859, 1906, 42), (297, 196, 0)]
Episode:  13 / 20 Score:  31 epsilon:  0.009955207159745181 ação:  1 TempoEpisodio: 2023.1363043785095 Reward: 10
listaacao: [1, 0, 0, 0, 0, 1, 1, 1, 0, 0, 0, 0, 0, 0, 0, 0, 1, 1, 0, 0, 1, 0, 0, 1, 1, 0, 1, 0, 0, 1, 0, 1]
listaRecompensa: [0, 10, 10, 10, 10, 10, 10, -10, 10, 10, 10, 10, 10, 10, 10, 10, 10, -10, 10, 10, -10, 10, 10, 10, 10, 10, 10, -10, 10, -10, -10, 10]
Medias: [(0, 0, 0), (212, 138, 0), (258, 171, 0), (233, 152, 0), (161, 104, 0), (3235, 2156, 0), (762, 505, 2), (215, 142, 0), (173, 116, 0), (162, 107, 0), (174, 116, 0), (245, 164, 0), (328, 219, 0), (392, 259, 0), (357, 236, 0), (168, 111, 0), (5042, 3361, 0), (316, 211, 0), (195, 130, 0), (289, 192, 0), (323, 217, 0), (338, 224, 0), (238, 161, 0), (3842, 2560, 0), (4343, 2895, 32), (192, 128, 0), (3721, 2481, 26), (354, 235, 6), (192, 126, 0), (241, 159, 0), (618, 411, 4), (1229, 817, 0)]
Episode:  14 / 20 Score:  31 epsilon:  0.009955207159745181 ação:  1 TempoEpisodio: 2024.8811366558075 Reward: 10
listaacao: [0, 0, 0, 0, 0, 0, 1, 0, 0, 0, 1, 0, 0, 0, 0, 0, 0, 1, 0, 0, 0, 1, 0, 0, 1, 0, 0, 0, 0, 1, 1, 1]
listaRecompensa: [0, 10, 10, 10, 10, 10, 10, 10, 10, 10, 10, -10, 10, 10, 10, 10, 10, -10, 10, 10, 10, 10, -10, -10, -10, 10, 10, 10, 10, 10, 10, 10]
Medias: [(0, 0, 0), (202, 133, 0), (262, 172, 0), (220, 143, 0), (253, 168, 0), (174, 112, 0), (4230, 2819, 0), (167, 110, 0), (275, 182, 0), (224, 146, 0), (5070, 3379, 0), (4083, 2722, 47), (282, 184, 0), (452, 301, 0), (295, 195, 0), (191, 127, 0), (160, 106, 0), (624, 414, 0), (224, 144, 0), (253, 166, 0), (426, 286, 0), (1714, 1143, 0), (1010, 674, 33), (2665, 1777, 54), (875, 594, 0), (103, 71, 0), (126, 85, 0), (120, 82, 0), (440, 292, 0), (2629, 1752, 0), (2667, 1779, 48), (2189, 1459, 54)]
Episode:  15 / 20 Score:  31 epsilon:  0.009955207159745181 ação:  0 TempoEpisodio: 2031.1438360214233 Reward: 10
listaacao: [0, 1, 0, 1, 1, 0, 1, 1, 0, 0, 1, 0, 1, 0, 1, 0, 1, 1, 0, 0, 0, 0, 0, 0, 1, 1, 0, 0, 0, 1, 0, 0]
listaRecompensa: [0, 10, 10, 10, 10, -10, 10, 10, 10, 10, 10, 10, 10, 10, 10, 10, 10, 10, -10, 10, -10, -10, 10, 10, 10, -10, 10, 10, 10, 10, 10, 10]
Medias: [(0, 0, 0), (2492, 1662, 55), (95, 60, 0), (2073, 1382, 52), (2676, 1784, 15), (115, 75, 1), (2844, 1896, 54), (2479, 1651, 36), (97, 61, 0), (135, 89, 0), (2248, 1499, 0), (94, 64, 0), (2487, 1658, 45), (92, 65, 0), (1682, 1121, 43), (167, 110, 0), (2223, 1482, 52), (2486, 1657, 40), (1034, 689, 45), (410, 272, 0), (2517, 1678, 0), (2056, 1371, 0), (164, 113, 0), (91, 57, 0), (2500, 1667, 0), (139, 92, 0), (220, 147, 0), (188, 122, 0), (181, 115, 0), (3247, 2165, 0), (287, 190, 0), (334, 223, 0)]
Episode:  16 / 20 Score:  31 epsilon:  0.009955207159745181 ação:  1 TempoEpisodio: 2024.575493812561 Reward: 10
listaacao: [1, 1, 0, 0, 0, 0, 0, 1, 0, 0, 0, 0, 0, 0, 1, 1, 0, 1, 1, 1, 0, 0, 0, 0, 0, 1, 0, 1, 1, 1, 0, 1]
listaRecompensa: [0, 10, 10, 10, 10, 10, 10, 10, 10, 10, 10, 10, 10, 10, 10, 10, -10, 10, 10, 10, -10, 10, 10, 10, 10, 10, 10, 10, 10, 10, -10, 10]
Medias: [(0, 0, 0), (3987, 2657, 52), (204, 133, 0), (228, 152, 0), (981, 653, 0), (385, 256, 0), (234, 155, 0), (4156, 2771, 0), (191, 126, 0), (181, 120, 0), (181, 120, 0), (308, 208, 0), (552, 366, 0), (234, 154, 0), (4085, 2722, 0), (2988, 1994, 24), (1317, 879, 59), (3001, 2000, 56), (2080, 1385, 49), (2515, 1674, 47), (454, 300, 11), (256, 171, 0), (430, 283, 0), (234, 154, 0), (348, 230, 0), (4752, 3167, 0), (231, 153, 0), (4995, 3331, 47), (4643, 3094, 46), (5217, 3478, 51), (339, 225, 5), (4937, 3291, 28)]
Episode:  17 / 20 Score:  31 epsilon:  0.009955207159745181 ação:  0 TempoEpisodio: 2026.5911273956299 Reward: 10
listaacao: [0, 1, 0, 1, 0, 0, 0, 0, 0, 0, 0, 1, 1, 0, 0, 0, 1, 1, 0, 0, 0, 1, 1, 1, 0, 1, 1, 0, 0, 0, 0, 0]
listaRecompensa: [0, 10, 10, 10, 10, 10, 10, -10, 10, 10, 10, 10, 10, -10, 10, 10, 10, 10, 10, 10, 10, -10, -10, 10, -10, 10, 10, 10, 10, 10, 10, 10]
Medias: [(0, 0, 0), (4894, 3263, 51), (264, 172, 0), (4883, 3256, 27), (176, 114, 0), (164, 109, 0), (161, 107, 0), (4241, 2827, 0), (500, 335, 0), (302, 202, 0), (460, 306, 0), (3850, 2567, 0), (3512, 2344, 40), (495, 327, 1), (412, 274, 0), (321, 211, 0), (2129, 1416, 0), (1839, 1226, 50), (178, 118, 0), (296, 196, 0), (267, 175, 0), (398, 266, 0), (219, 144, 0), (4319, 2879, 39), (4208, 2806, 44), (4650, 3100, 33), (4173, 2782, 47), (209, 138, 0), (338, 223, 0), (421, 280, 0), (338, 223, 0), (171, 114, 0)]
Episode:  18 / 20 Score:  31 epsilon:  0.009955207159745181 ação:  0 TempoEpisodio: 2024.1025741100311 Reward: 10
listaacao: [0, 0, 0, 1, 1, 0, 0, 0, 0, 0, 0, 0, 1, 0, 0, 1, 0, 0, 1, 0, 0, 0, 0, 0, 1, 0, 0, 0, 0, 0, 0, 0]
listaRecompensa: [0, 10, 10, 10, 10, 10, 10, 10, 10, 10, 10, 10, -10, 10, 10, 10, -10, 10, 10, 10, 10, 10, 10, 10, 10, 10, 10, 10, 10, 10, 10, 10]
Medias: [(0, 0, 0), (357, 240, 0), (415, 276, 0), (5206, 3470, 0), (4393, 2929, 38), (189, 127, 0), (483, 321, 0), (194, 131, 0), (219, 145, 0), (206, 135, 0), (276, 185, 0), (243, 160, 0), (319, 213, 0), (378, 254, 0), (360, 239, 0), (2580, 1720, 0), (231, 151, 3), (243, 158, 0), (4249, 2834, 0), (197, 131, 0), (306, 204, 0), (347, 232, 0), (273, 181, 0), (516, 341, 0), (4544, 3029, 0), (223, 148, 0), (187, 123, 0), (209, 138, 0), (273, 181, 0), (327, 217, 0), (349, 231, 0), (230, 154, 0)]
Episode:  19 / 20 Score:  31 epsilon:  0.009955207159745181 ação:  1 TempoEpisodio: 2025.4510686397552 Reward: 10
listaacao: [0, 0, 0, 0, 0, 0, 0, 0, 0, 1, 1, 0, 0, 0, 0, 1, 0, 1, 0, 0, 1, 0, 1, 0, 0, 0, 0, 0, 0, 1, 1, 1]
listaRecompensa: [0, 10, 10, 10, 10, 10, 10, -10, 10, 10, 10, 10, 10, 10, 10, 10, 10, 10, 10, -10, 10, 10, 10, 10, 10, 10, 10, 10, 10, 10, 10, 10]
Medias: [(0, 0, 0), (182, 117, 0), (206, 138, 0), (180, 122, 0), (255, 171, 0), (213, 138, 0), (837, 558, 0), (2414, 1606, 0), (190, 125, 0), (2287, 1527, 0), (2041, 1357, 29), (307, 206, 0), (202, 135, 0), (353, 233, 0), (234, 155, 0), (4597, 3064, 0), (277, 187, 0), (4647, 3099, 23), (345, 230, 0), (284, 188, 4), (5097, 3399, 0), (286, 190, 0), (4676, 3116, 39), (353, 235, 0), (180, 116, 0), (162, 106, 0), (366, 245, 0), (338, 228, 0), (209, 137, 0), (4716, 3144, 0), (5024, 3350, 48), (3135, 2090, 45)]
