Episode:  0 / 20 Score:  63 epsilon:  0.23176254155320164 ação:  1 TempoEpisodio: 4007.582156419754 Reward: -10
listaacao: [0, 0, 0, 1, 0, 1, 0, 1, 0, 0, 0, 0, 0, 1, 0, 0, 1, 1, 1, 1, 0, 0, 0, 0, 0, 0, 1, 1, 0, 0, 1, 1, 0, 0, 1, 1, 0, 1, 0, 0, 0, 1, 0, 0, 1, 1, 0, 0, 0, 0, 1, 1, 0, 0, 0, 0, 1, 1, 1, 1, 0, 1, 0, 1]
listaRecompensa: [0, 10, -10, -10, 10, 10, 10, 10, 10, 10, 10, 10, 10, -10, 10, -10, -10, -10, 10, 10, 10, -10, -10, 10, 10, -10, 10, 10, -10, -10, 10, 10, 10, 10, 10, -10, -10, 10, 10, -10, 10, -10, 10, 10, 10, 10, -10, 10, 10, 10, -10, -10, -10, -10, 10, 10, 10, 10, 10, 10, 10, -10, -10, -10]
Medias: [(0, 0,0), (281, 187, 0), (4846, 3231, 0), (362, 241, 0), (284, 189, 0), (227, 153, 1), (177, 120, 0), (171, 111, 1), (198, 132, 0), (226, 152, 0), (177, 111, 0), (215, 143, 0), (237, 157, 0), (261, 173, 0), (216, 142, 0), (5199, 3466, 55), (176, 115, 0), (192, 125, 0), (4828, 3218, 49), (5151, 3434, 49), (250, 164, 0), (5058, 3374, 59), (5145, 3431, 0), (251, 168, 0), (528, 350, 0), (4263, 2842, 0), (3805, 2537, 0), (3568, 2377, 35), (1398, 929, 53), (1891, 1262, 55), (1445, 965, 0), (2482, 1653, 21), (244, 162, 0), (264, 177, 0), (3858, 2573, 0), (470, 315, 0), (375, 249, 7), (5047, 3365, 52), (235, 157, 0), (4941, 3293, 52), (300, 200, 0), (451, 298, 0), (238, 162, 0), (196, 128, 0), (3719, 2480, 0), (4909, 3273, 50), (360, 239, 15), (174, 111, 0), (323, 214, 0), (502, 335, 0), (227, 150, 0), (264, 173, 0), (4448, 2965, 47), (4067, 2710, 43), (193, 130, 0), (241, 156, 0), (1123, 748, 0), (2844, 1898, 32), (1378, 919, 28), (2423, 1616, 53), (306, 202, 0), (179, 119, 0), (469, 313, 1), (176, 117, 0)]
Episode:  1 / 20 Score:  63 epsilon:  0.03299394437021773 ação:  0 TempoEpisodio: 4045.0006527900696 Reward: 10
listaacao: [0, 0, 1, 1, 0, 0, 0, 0, 0, 1, 1, 0, 0, 1, 0, 0, 1, 1, 0, 0, 1, 0, 0, 1, 0, 1, 1, 0, 0, 1, 0, 1, 0, 1, 1, 0, 1, 1, 1, 1, 0, 0, 0, 0, 0, 1, 0, 1, 0, 0, 1, 1, 1, 0, 0, 1, 1, 0, 1, 0, 0, 0, 0, 0]
listaRecompensa: [0, -10, 10, 10, 10, -10, 10, 10, 10, 10, 10, 10, 10, -10, 10, 10, 10, 10, 10, 10, 10, 10, -10, -10, 10, -10, -10, 10, -10, 10, -10, 10, 10, -10, -10, -10, 10, -10, -10, 10, -10, 10, 10, 10, 10, 10, 10, 10, 10, 10, -10, 10, 10, 10, 10, 10, -10, -10, 10, 10, 10, 10, 10, 10]
Medias: [(0, 0, 0), (260, 170, 3), (4125, 2750, 0), (4729, 3152, 20), (208, 139, 0), (164, 109, 2), (406, 271, 0), (341, 229, 0), (258, 171, 0), (4357, 2905, 0), (4471, 2981, 41), (325, 215, 0), (247, 164, 0), (291, 194, 0), (274, 183, 0), (255, 169, 0), (5197, 3464, 0), (4337, 2892, 52), (273, 181, 0), (177, 116, 0), (4685, 3124, 0), (255, 166, 0), (303, 200, 1), (508, 341, 0), (372, 245, 0), (169, 107, 0), (219, 144, 0), (177, 115, 0), (197, 130, 1), (3499, 2334, 0), (673, 447, 2), (3169, 2112, 0), (600, 398, 0), (210, 138, 0), (248, 160, 0), (194, 128, 2), (3510, 2341, 0), (364, 245, 0), (356, 237, 0), (5145, 3431, 56), (312, 205, 1), (155, 100, 0), (180, 121, 0), (165, 111, 0), (240, 158, 0), (4831, 3217, 0), (461, 305, 0), (5074, 3383, 44), (270, 178, 0), (549, 366, 0), (277, 184, 0), (739, 490, 55), (3395, 2264, 25), (268, 178, 0), (653, 434, 0), (2620, 1748, 0), (238, 158, 0), (2001, 1334, 49), (1871, 1247, 54), (264, 175, 0), (217, 140, 0), (258, 172, 0), (239, 162, 0), (177, 117, 0)]
Episode:  2 / 20 Score:  63 epsilon:  0.009756714760036816 ação:  0 TempoEpisodio: 4047.3151309490204 Reward: -10
listaacao: [1, 0, 1, 0, 0, 0, 0, 1, 1, 0, 0, 0, 0, 1, 0, 0, 1, 1, 1, 1, 0, 0, 0, 0, 0, 0, 0, 1, 1, 0, 1, 1, 0, 1, 1, 0, 1, 0, 0, 0, 1, 1, 0, 0, 0, 0, 0, 0, 0, 0, 0, 0, 0, 0, 0, 0, 0, 1, 0, 0, 1, 1, 1, 0]
listaRecompensa: [0, 10, 10, -10, 10, 10, 10, 10, 10, 10, 10, 10, 10, -10, 10, 10, 10, 10, 10, 10, 10, 10, 10, 10, 10, 10, 10, 10, 10, 10, 10, 10, 10, 10, 10, -10, 10, 10, 10, 10, -10, 10, 10, 10, 10, 10, 10, 10, -10, -10, -10, 10, 10, 10, 10, 10, 10, 10, 10, 10, -10, -10, 10, -10]
Medias: [(0, 0, 0), (163, 104, 0), (694, 391, 25), (395, 265, 1), (504, 335, 0), (289, 191, 0), (548, 362, 0), (4498, 2998, 0), (4759, 3174, 37), (228, 150, 0), (269, 180, 0), (210, 134, 0), (301, 198, 0), (267, 172, 0), (208, 133, 0), (395, 262, 0), (5059, 3372, 0), (4565, 3041, 47), (3843, 2563, 45), (2362, 1574, 34), (167, 110, 0), (284, 188, 0), (318, 214, 0), (230, 149, 0), (351, 234, 0), (175, 114, 0), (334, 221, 0), (3877, 2584, 0), (4848, 3232, 45), (452, 303, 0), (4673, 3113, 41), (4449, 2966, 29), (186, 123, 0), (4451, 2967, 53), (4553, 3035, 39), (340, 200, 4), (4048, 2700, 22), (185, 122, 0), (299, 196, 0), (260, 173, 0), (499, 332, 0), (4394, 2928, 45), (487, 323, 0), (226, 147, 0), (170, 109, 0), (405, 269, 0), (276, 184, 0), (378, 252, 0), (1365, 909, 0), (3794, 2528, 0), (2794, 1860, 0), (215, 144, 0), (407, 273, 0), (268, 175, 0), (211, 136, 0), (244, 164, 0), (318, 213, 0), (4557, 3037, 0), (253, 170, 0), (295, 194, 0), (295, 194, 0), (187, 121, 0), (5141, 3428, 44), (302, 199, 4)]
Episode:  3 / 20 Score:  63 epsilon:  0.009756714760036816 ação:  0 TempoEpisodio: 4045.386219024658 Reward: 10
listaacao: [1, 0, 0, 0, 0, 0, 0, 1, 1, 0, 0, 0, 0, 0, 0, 0, 0, 0, 0, 0, 0, 0, 0, 0, 1, 0, 0, 0, 0, 1, 1, 0, 0, 1, 0, 0, 0, 0, 0, 0, 0, 0, 1, 0, 0, 0, 0, 0, 0, 0, 0, 1, 0, 0, 0, 0, 1, 0, 0, 0, 1, 0, 0, 0]
listaRecompensa: [0, 10, 10, 10, 10, 10, 10, -10, -10, 10, 10, 10, 10, 10, 10, 10, 10, 10, 10, 10, 10, 10, 10, 10, 10, 10, 10, 10, 10, 10, 10, 10, 10, 10, 10, -10, 10, 10, 10, 10, 10, 10, -10, -10, 10, 10, 10, 10, 10, 10, 10, 10, 10, -10, 10, 10, 10, 10, 10, 10, 10, 10, 10, 10]
Medias: [(0, 0, 0), (376, 253, 0), (176, 110, 0), (211, 138, 0), (189, 125, 0), (231, 154, 0), (189, 126, 0), (180, 120, 0), (185, 119, 0), (458, 307, 0), (204, 133, 0), (283, 189, 0), (198, 136, 0), (220, 146, 0), (249, 166, 0), (560, 373, 0), (200, 136, 0), (225, 149, 0), (237, 160, 0), (164, 109, 0), (166, 109, 0), (277, 184, 0), (209, 139, 0), (340, 223, 0), (3493, 2328, 0), (391, 265, 0), (195, 129, 0), (314, 210, 0), (204, 136, 0), (4313, 2876, 0), (4814, 3210, 24), (412, 271, 0), (175, 112, 0), (4955, 3302, 0), (300, 196, 0), (248, 164, 4), (226, 147, 0), (167, 107, 0), (174, 115, 0), (298, 195, 0), (303, 203, 0), (210, 137, 0), (271, 176, 0), (235, 156, 1), (211, 141, 0), (272, 179, 0), (172, 114, 0), (267, 179, 0), (275, 181, 0), (279, 188, 0), (204, 133, 0), (3456, 2304, 0), (827, 550, 0), (201, 133, 1), (705, 469, 0), (182, 113, 0), (4463, 2976, 0), (533, 354, 0), (560, 372, 0), (195, 122, 0), (5572, 3715, 0), (289, 193, 0), (169, 106, 0), (222, 141, 0)]
Episode:  4 / 20 Score:  63 epsilon:  0.009756714760036816 ação:  0 TempoEpisodio: 4049.792799949646 Reward: 10
listaacao: [0, 1, 0, 0, 0, 0, 0, 0, 0, 1, 0, 1, 1, 0, 0, 1, 1, 1, 0, 0, 0, 0, 0, 1, 0, 1, 1, 1, 0, 0, 1, 1, 0, 1, 0, 1, 0, 0, 0, 0, 0, 0, 0, 1, 1, 0, 0, 1, 0, 0, 1, 1, 1, 1, 1, 1, 0, 1, 0, 0, 0, 0, 0, 0]
listaRecompensa: [0, 10, 10, -10, 10, 10, 10, 10, 10, 10, -10, 10, 10, -10, -10, 10, 10, 10, 10, 10, 10, 10, 10, -10, 10, 10, -10, -10, 10, 10, 10, 10, 10, 10, 10, 10, 10, 10, 10, -10, -10, 10, 10, 10, 10, 10, 10, 10, 10, 10, -10, 10, 10, 10, 10, 10, 10, -10, 10, 10, 10, 10, 10, 10]
Medias: [(0, 0, 0), (5435, 3622, 0), (206, 135, 0), (305, 202, 2), (361, 240, 0), (205, 134, 0), (184, 119, 0), (241, 157, 0), (319, 213, 0), (1261, 842, 0), (2246, 1497, 40), (2364, 1575, 0), (4472, 2981, 50), (2128, 1419, 24), (350, 232, 1), (3930, 2617, 0), (4181, 2786, 54), (3668, 2367, 41), (273, 182, 0), (180, 120, 0), (295, 196, 0), (282, 189, 0), (335, 224, 0), (258, 173, 0), (185, 120, 0), (3683, 2454, 9), (436, 289, 0), (557, 369, 0), (173, 113, 0), (258, 173, 0), (5055, 3370, 0), (5117, 3412, 51), (227, 150, 0), (4325, 2883, 35), (603, 401, 0), (3142, 2092, 60), (191, 126, 0), (515, 341, 0), (184, 123, 0), (1841, 1226, 0), (1902, 1266, 0), (566, 376, 0), (516, 345, 0), (3475, 2316, 0), (1186, 790, 53), (222, 144, 0), (205, 136, 0), (4306, 2871, 0), (214, 144, 0), (372, 245, 0), (248, 157, 0), (4662, 3108, 50), (4117, 2746, 43), (4701, 3135, 48), (4844, 3229, 50), (4962, 3308, 45), (321, 213, 0), (215, 141, 0), (154, 103, 0), (215, 144, 0), (218, 146, 0), (342, 227, 0), (418, 282, 0), (177, 113, 0)]
Episode:  5 / 20 Score:  63 epsilon:  0.009756714760036816 ação:  0 TempoEpisodio: 4047.017238140106 Reward: -10
listaacao: [0, 0, 1, 0, 0, 0, 1, 1, 1, 1, 1, 0, 0, 0, 0, 0, 0, 1, 0, 0, 1, 0, 0, 0, 0, 0, 1, 0, 0, 0, 0, 0, 0, 1, 1, 1, 1, 1, 0, 0, 1, 1, 0, 0, 0, 0, 0, 1, 0, 1, 1, 0, 1, 1, 1, 0, 0, 1, 1, 0, 0, 1, 1, 0]
listaRecompensa: [0, 10, 10, -10, 10, 10, -10, 10, 10, 10, 10, 10, 10, 10, 10, 10, 10, 10, 10, 10, 10, 10, -10, 10, 10, 10, -10, 10, -10, 10, 10, 10, 10, -10, 10, 10, 10, 10, 10, -10, 10, 10, 10, 10, 10, 10, 10, 10, 10, -10, 10, 10, 10, 10, 10, 10, 10, -10, -10, 10, 10, -10, -10, -10]
Medias: [(0, 0, 0), (754, 502, 0), (2854, 1901, 0), (336, 224, 1), (171, 113, 0), (197, 133, 0), (247, 165, 0), (2923, 1947, 51), (4510, 3006, 40), (4434, 2956, 48), (4204, 2802, 53), (293, 196, 0), (227, 148, 0), (215, 143, 0), (220, 147, 0), (366, 243, 0), (215, 141, 0), (4931, 3286, 0), (270, 180, 0), (270, 180, 0), (4425, 2950, 19), (252, 166, 0), (500, 331, 10), (704, 467, 0), (199, 124, 0), (292, 196, 0), (330, 219, 0), (267, 181, 0), (319, 211, 4), (154, 103, 0), (193, 127, 0), (263, 175, 0), (232, 154, 0), (954, 633, 0), (4088, 2726, 42), (5071, 3381, 52), (4585, 3057, 53), (1500, 997, 56), (165, 110, 0), (368, 244, 1), (3921, 2615, 0), (4390, 2926, 43), (351, 235, 0), (311, 205, 0), (199, 131, 0), (208, 133, 0), (200, 135, 0), (5126, 3417, 0), (271, 176, 0), (266, 177, 0), (4879, 3255, 43), (171, 110, 0), (5324, 3549, 43), (4471, 2981, 18), (4639, 3092, 37), (189, 124, 0), (190, 125, 0), (177, 115, 0), (177, 115, 0), (191, 121, 0), (273, 182, 0), (249, 166, 0), (221, 142, 0), (377, 251, 3)]
Episode:  6 / 20 Score:  63 epsilon:  0.009756714760036816 ação:  0 TempoEpisodio: 4048.6916835308075 Reward: 10
listaacao: [0, 0, 0, 0, 1, 0, 0, 0, 0, 1, 0, 0, 1, 1, 0, 0, 0, 0, 1, 1, 0, 0, 1, 0, 0, 1, 1, 1, 0, 0, 1, 0, 0, 0, 1, 0, 0, 0, 0, 0, 0, 0, 0, 0, 1, 1, 0, 1, 0, 0, 0, 0, 0, 0, 1, 1, 0, 0, 0, 1, 1, 1, 0, 0]
listaRecompensa: [0, 10, 10, 10, 10, -10, 10, 10, 10, 10, 10, 10, 10, 10, 10, 10, 10, 10, 10, 10, 10, -10, 10, 10, 10, -10, 10, 10, 10, 10, 10, -10, 10, 10, 10, 10, -10, 10, 10, -10, 10, 10, 10, 10, 10, 10, 10, 10, 10, 10, 10, 10, 10, 10, -10, 10, 10, 10, 10, 10, 10, 10, 10, 10]
Medias: [(0, 0, 0), (216, 140, 0), (435, 288, 0), (237, 159, 0), (3422, 2283, 0), (647, 431, 50), (439, 293, 0), (282, 187, 0), (239, 158, 0), (4155, 2768, 0), (252, 168, 0), (190, 129, 0), (4040, 2692, 0), (4990, 3327, 28), (229, 153, 0), (221, 146, 0), (160, 104, 0), (174, 110, 0), (4555, 3038, 0), (5178, 3451, 42), (183, 118, 0), (335, 221, 2), (4108, 2739, 0), (172, 115, 0), (355, 235, 0), (209, 136, 0), (1671, 1114, 55), (2288, 1525, 46), (173, 111, 0), (212, 142, 0), (2114, 1408, 0), (1825, 1215, 31), (340, 228, 0), (208, 135, 0), (3321, 2217, 0), (299, 197, 0), (195, 128, 2), (172, 112, 0), (152, 99, 0), (5341, 3560, 0), (168, 104, 0), (346, 231, 0), (161, 109, 0), (268, 177, 0), (4736, 3157, 0), (4094, 2729, 37), (301, 201, 0), (4426, 2949, 52), (147, 92, 0), (147, 92, 0), (415, 272, 0), (664, 444, 0), (182, 117, 0), (312, 209, 0), (932, 617, 0), (2735, 1823, 29), (206, 136, 0), (493, 330, 0), (888, 591, 0), (1444, 961, 0), (2536, 1690, 43), (2064, 1374, 48), (289, 193, 0), (188, 122, 0)]
Episode:  7 / 20 Score:  63 epsilon:  0.009756714760036816 ação:  0 TempoEpisodio: 4047.984213113785 Reward: 10
listaacao: [1, 0, 0, 0, 1, 1, 1, 0, 0, 0, 0, 0, 1, 0, 0, 0, 0, 0, 0, 0, 1, 1, 0, 1, 0, 0, 1, 1, 1, 1, 0, 1, 0, 1, 0, 0, 1, 0, 0, 1, 0, 0, 0, 0, 1, 0, 1, 0, 0, 1, 1, 1, 1, 0, 1, 0, 0, 0, 1, 0, 0, 0, 0, 0]
listaRecompensa: [0, 10, 10, 10, 10, 10, 10, 10, 10, 10, 10, 10, 10, 10, 10, 10, 10, 10, 10, 10, 10, 10, 10, -10, 10, 10, 10, 10, 10, 10, 10, 10, 10, 10, 10, 10, 10, 10, 10, 10, 10, -10, 10, 10, 10, 10, 10, 10, 10, -10, 10, 10, 10, 10, 10, -10, 10, 10, 10, 10, 10, 10, 10, 10]
Medias: [(0, 0, 0), (283, 189, 0), (202, 131, 0), (317, 210, 0), (5045, 3362, 0), (4148, 2767, 50), (5202, 3468, 45), (182, 114, 0), (190, 127, 0), (163, 108, 0), (437, 291, 0), (208, 139, 0), (5354, 3570, 0), (179, 114, 0), (229, 156, 0), (193, 126, 0), (228, 152, 0), (165, 107, 0), (213, 144, 0), (530, 353, 0), (4334, 2889, 0), (3237, 2155, 49), (173, 116, 0), (288, 191, 0), (204, 138, 0), (362, 240, 0), (3171, 2116, 0), (1124, 704, 0), (3610, 2410, 46), (871, 582, 58), (187, 123, 0), (4014, 2674, 56), (185, 121, 0), (5287, 3525, 56), (523, 350, 0), (167, 106, 0), (4484, 2989, 0), (248, 166, 0), (285, 186, 0), (5021, 3348, 0), (335, 224, 0), (246, 166, 1), (197, 128, 0), (222, 148, 0), (3995, 2663, 0), (302, 203, 0), (5457, 3638, 51), (275, 176, 0), (179, 115, 0), (985, 655, 0), (3866, 2575, 40), (1480, 986, 49), (3020, 2013, 52), (612, 408, 0), (2551, 1700, 22), (1386, 923, 33), (353, 233, 0), (243, 159, 0), (3557, 2372, 0), (415, 277, 0), (298, 199, 0), (168, 111, 0), (275, 185, 0), (165, 109, 0)]
Episode:  8 / 20 Score:  63 epsilon:  0.009756714760036816 ação:  0 TempoEpisodio: 4047.4550745487213 Reward: 10
listaacao: [0, 1, 1, 1, 1, 0, 1, 0, 0, 0, 0, 0, 0, 0, 0, 1, 0, 0, 0, 0, 0, 0, 0, 0, 0, 0, 0, 0, 1, 1, 0, 0, 0, 0, 1, 0, 1, 1, 1, 1, 0, 0, 0, 0, 0, 1, 1, 1, 1, 0, 0, 0, 0, 1, 0, 0, 0, 0, 0, 0, 0, 0, 1, 0]
listaRecompensa: [0, 10, 10, -10, -10, 10, 10, 10, 10, 10, 10, 10, 10, 10, 10, 10, 10, 10, 10, 10, 10, 10, 10, 10, 10, 10, 10, 10, 10, 10, 10, -10, 10, 10, 10, -10, 10, 10, 10, 10, 10, 10, 10, 10, 10, 10, 10, 10, 10, 10, -10, 10, 10, 10, -10, 10, 10, 10, 10, 10, 10, 10, 10, 10]
Medias: [(0, 0, 0), (4651, 3099, 0), (4989, 3326, 26), (254, 169, 0), (189, 122, 0), (185, 122, 0), (5622, 3749, 54), (230, 150, 0), (185, 125, 0), (299, 197, 0), (248, 164, 0), (384, 252, 0), (327, 215, 0), (173, 113, 0), (311, 208, 0), (2881, 1919, 0), (252, 166, 0), (176, 116, 0), (238, 157, 0), (441, 293, 0), (232, 152, 0), (233, 157, 0), (266, 178, 0), (174, 109, 0), (222, 144, 0), (177, 116, 0), (255, 169, 0), (475, 315, 0), (3958, 2640, 0), (4753, 3168, 55), (260, 171, 0), (173, 115, 2), (209, 136, 0), (241, 159, 0), (4937, 3291, 0), (334, 219, 6), (5353, 3568, 17), (6202, 4136, 55), (4772, 3181, 44), (4468, 2978, 44), (165, 104, 0), (278, 186, 0), (159, 105, 0), (463, 305, 0), (387, 261, 0), (1550, 1028, 0), (4922, 3281, 40), (4065, 2711, 40), (2083, 1389, 45), (198, 129, 0), (207, 135, 1), (445, 294, 0), (324, 215, 0), (3758, 2506, 0), (3317, 2214, 38), (183, 119, 0), (238, 155, 0), (171, 113, 0), (173, 114, 0), (156, 99, 0), (212, 141, 0), (158, 104, 0), (3732, 2489, 0), (185, 125, 0)]
Episode:  9 / 20 Score:  63 epsilon:  0.009756714760036816 ação:  0 TempoEpisodio: 4049.5159599781036 Reward: 10
listaacao: [0, 0, 0, 0, 1, 0, 0, 0, 0, 0, 0, 1, 0, 0, 1, 1, 0, 1, 0, 1, 0, 0, 0, 0, 0, 0, 0, 0, 0, 0, 0, 0, 0, 1, 0, 0, 0, 0, 0, 0, 1, 1, 0, 0, 1, 0, 0, 0, 0, 0, 0, 0, 0, 0, 0, 1, 0, 0, 1, 0, 1, 0, 0, 0]
listaRecompensa: [0, 10, 10, 10, 10, 10, 10, 10, 10, 10, 10, 10, 10, -10, 10, 10, 10, 10, -10, 10, 10, 10, 10, 10, 10, 10, 10, 10, 10, -10, 10, 10, 10, 10, 10, 10, 10, 10, 10, 10, 10, 10, 10, -10, 10, 10, 10, 10, 10, 10, 10, 10, 10, 10, 10, 10, 10, 10, 10, 10, 10, 10, 10, 10]
Medias: [(0, 0, 0), (210, 140, 0), (160, 105, 0), (260, 174, 0), (5105, 3403, 0), (181, 121, 0), (210, 136, 0), (230, 152, 0), (219, 144, 0), (167, 107, 0), (211, 138, 0), (3079, 2054, 0), (159, 103, 0), (1291, 860, 0), (3923, 2615, 0), (1904, 1268, 47), (212, 137, 0), (3090, 2058, 0), (4222, 2815, 51), (4687, 3125, 22), (320, 205, 0), (189, 125, 0), (325, 216, 0), (235, 157, 0), (250, 165, 0), (334, 220, 0), (168, 105, 0), (384, 256, 0), (357, 236, 0), (5281, 3521, 0), (174, 115, 0), (212, 142, 0), (189, 123, 0), (5001, 3334, 0), (353, 234, 0), (203, 135, 0), (386, 256, 0), (357, 240, 0), (173, 111, 0), (194, 129, 0), (1383, 919, 0), (2129, 1421, 44), (228, 153, 0), (2020, 1344, 0), (1944, 1295, 0), (299, 201, 0), (215, 141, 0), (271, 184, 0), (183, 117, 0), (335, 222, 0), (161, 110, 0), (346, 233, 0), (155, 98, 0), (181, 118, 0), (163, 100, 0), (3754, 2503, 0), (334, 220, 0), (188, 123, 0), (5022, 3349, 0), (229, 146, 0), (3934, 2619, 54), (203, 134, 0), (211, 141, 0), (279, 184, 0)]
Episode:  10 / 20 Score:  63 epsilon:  0.009756714760036816 ação:  0 TempoEpisodio: 4052.3825924396515 Reward: -10
listaacao: [0, 0, 1, 1, 0, 0, 0, 0, 0, 0, 0, 0, 0, 0, 0, 0, 0, 1, 1, 0, 0, 0, 1, 0, 0, 0, 0, 0, 0, 1, 0, 1, 0, 0, 1, 1, 0, 1, 1, 0, 0, 0, 0, 0, 0, 0, 0, 1, 0, 0, 1, 0, 0, 0, 1, 0, 0, 0, 0, 0, 0, 0, 0, 0]
listaRecompensa: [0, 10, 10, 10, -10, 10, 10, 10, 10, 10, 10, 10, 10, 10, 10, 10, 10, 10, 10, 10, 10, 10, 10, 10, -10, 10, 10, 10, 10, 10, 10, 10, 10, -10, 10, 10, -10, 10, 10, -10, 10, 10, 10, 10, 10, 10, 10, 10, 10, -10, 10, 10, 10, 10, 10, -10, 10, 10, 10, 10, 10, 10, 10, -10]
Medias: [(0, 0, 0), (612, 405, 0), (4700, 3133, 0), (3220, 2141, 28), (272, 184, 3), (210, 142, 0), (243, 161, 0), (182, 122, 0), (295, 191, 0), (204, 134, 0), (237, 154, 0), (241, 159, 0), (193, 130, 0), (173, 116, 0), (198, 133, 0), (237, 159, 0), (314, 211, 0), (4653, 3103, 0), (4523, 3015, 42), (239, 158, 0), (210, 139, 0), (373, 248, 0), (4399, 2933, 0), (219, 140, 0), (229, 150, 1), (280, 188, 0), (168, 112, 0), (200, 129, 0), (298, 197, 0), (4863, 3241, 0), (220, 147, 0), (4274, 2849, 55), (196, 127, 0), (839, 560, 1), (4045, 2696, 0), (2720, 1811, 22), (202, 130, 8), (2705, 1804, 0), (2027, 1349, 45), (229, 151, 11), (335, 222, 0), (493, 328, 0), (249, 167, 0), (264, 175, 0), (266, 175, 0), (192, 126, 0), (428, 281, 0), (4537, 3022, 0), (199, 129, 0), (362, 241, 1), (4365, 2911, 0), (193, 126, 0), (958, 637, 0), (195, 124, 0), (3763, 2508, 0), (239, 161, 1), (164, 107, 0), (212, 135, 0), (428, 285, 0), (252, 168, 0), (174, 108, 0), (176, 115, 0), (232, 155, 0), (1399, 933, 0)]
Episode:  11 / 20 Score:  63 epsilon:  0.009756714760036816 ação:  0 TempoEpisodio: 4050.7742006778717 Reward: 10
listaacao: [0, 0, 1, 1, 1, 0, 0, 0, 0, 1, 1, 0, 0, 0, 0, 0, 0, 0, 0, 1, 0, 1, 0, 0, 0, 0, 0, 0, 0, 0, 0, 0, 0, 0, 0, 0, 0, 1, 0, 0, 0, 1, 1, 0, 1, 0, 0, 0, 0, 1, 0, 0, 1, 1, 1, 0, 0, 0, 0, 0, 0, 0, 0, 0]
listaRecompensa: [0, -10, 10, 10, 10, 10, 10, 10, 10, 10, 10, 10, 10, 10, 10, 10, 10, 10, 10, 10, 10, -10, 10, 10, 10, 10, 10, 10, 10, 10, 10, 10, 10, 10, 10, 10, 10, 10, 10, -10, 10, 10, 10, 10, 10, 10, 10, 10, 10, 10, 10, -10, 10, 10, 10, 10, 10, 10, 10, 10, 10, 10, 10, 10]
Medias: [(0, 0, 0), (1477, 985, 0), (1667, 1108, 0), (2896, 1929, 56), (1632, 1088, 21), (222, 147, 0), (200, 131, 0), (273, 182, 0), (287, 188, 0), (3822, 2548, 0), (4521, 3014, 21), (151, 101, 0), (252, 165, 0), (192, 128, 0), (373, 249, 0), (195, 131, 0), (163, 105, 0), (180, 119, 0), (306, 202, 0), (4756, 3171, 0), (198, 130, 0), (184, 122, 0), (221, 147, 0), (221, 146, 0), (177, 114, 0), (184, 121, 0), (182, 120, 0), (232, 150, 0), (163, 102, 0), (203, 137, 0), (517, 340, 0), (227, 151, 0), (163, 107, 0), (208, 137, 0), (210, 136, 0), (393, 262, 0), (332, 219, 0), (3809, 2540, 0), (419, 278, 0), (269, 180, 3), (383, 253, 0), (5193, 3463, 0), (4783, 3188, 20), (304, 201, 0), (4648, 3098, 57), (389, 258, 0), (192, 128, 0), (240, 157, 0), (186, 125, 0), (4514, 3010, 0), (294, 197, 0), (279, 184, 1), (4285, 2856, 0), (588, 392, 51), (2844, 1896, 45), (204, 135, 0), (217, 144, 0), (407, 274, 0), (213, 142, 0), (286, 190, 0), (352, 235, 0), (282, 188, 0), (260, 172, 0), (261, 173, 0)]
Episode:  12 / 20 Score:  63 epsilon:  0.009756714760036816 ação:  0 TempoEpisodio: 4048.96195936203 Reward: 10
listaacao: [1, 0, 1, 0, 0, 0, 1, 0, 1, 0, 0, 0, 0, 0, 1, 0, 1, 1, 0, 0, 0, 0, 0, 0, 0, 0, 0, 0, 0, 0, 0, 0, 1, 0, 0, 0, 1, 1, 0, 1, 0, 0, 1, 0, 0, 0, 0, 0, 0, 0, 1, 1, 0, 0, 0, 1, 1, 0, 0, 0, 0, 1, 1, 0]
listaRecompensa: [0, 10, 10, 10, 10, 10, 10, 10, 10, 10, 10, 10, 10, 10, 10, 10, 10, 10, 10, 10, 10, 10, 10, 10, 10, 10, 10, 10, 10, 10, 10, 10, 10, 10, 10, 10, -10, -10, 10, 10, -10, -10, 10, -10, 10, 10, 10, 10, 10, 10, 10, 10, 10, -10, 10, -10, 10, -10, 10, 10, 10, 10, -10, 10]
Medias: [(0, 0, 0), (424, 281, 0), (3534, 2355, 42), (554, 367, 0), (400, 268, 0), (204, 136, 0), (4148, 2766, 0), (307, 205, 0), (483, 322, 1), (225, 151, 0), (175, 114, 0), (443, 296, 0), (208, 140, 0), (612, 408, 0), (3561, 2375, 0), (181, 119, 0), (4677, 3121, 26), (4316, 2878, 49), (197, 134, 0), (158, 104, 0), (202, 133, 0), (241, 162, 0), (383, 258, 0), (266, 178, 0), (272, 179, 0), (392, 259, 0), (185, 122, 0), (261, 172, 0), (468, 311, 0), (192, 128, 0), (658, 439, 0), (199, 135, 0), (5117, 3411, 0), (218, 144, 0), (170, 111, 0), (198, 131, 0), (235, 155, 0), (173, 114, 0), (235, 156, 0), (4229, 2820, 52), (148, 97, 1), (213, 140, 3), (4439, 2960, 0), (464, 309, 2), (389, 260, 0), (172, 111, 0), (175, 115, 0), (182, 116, 0), (321, 212, 0), (264, 175, 0), (1835, 1219, 0), (2836, 1889, 43), (372, 247, 0), (234, 154, 2), (252, 165, 0), (165, 107, 0), (4023, 2681, 48), (857, 569, 36), (387, 260, 0), (193, 127, 0), (174, 110, 0), (5246, 3499, 0), (150, 98, 0), (181, 115, 0)]
Episode:  13 / 20 Score:  63 epsilon:  0.009756714760036816 ação:  0 TempoEpisodio: 4051.5574295520782 Reward: 10
listaacao: [1, 0, 0, 0, 1, 0, 0, 0, 1, 0, 1, 0, 0, 0, 0, 1, 0, 0, 0, 1, 1, 1, 0, 0, 0, 0, 0, 0, 1, 0, 0, 0, 0, 0, 0, 0, 0, 0, 0, 0, 0, 0, 0, 0, 0, 0, 1, 1, 1, 1, 1, 0, 1, 0, 0, 0, 0, 0, 0, 1, 1, 0, 0, 0]
listaRecompensa: [0, 10, -10, 10, 10, 10, 10, 10, 10, 10, 10, 10, 10, 10, 10, -10, 10, 10, -10, 10, 10, 10, 10, 10, 10, 10, 10, 10, 10, 10, 10, 10, 10, 10, 10, 10, 10, 10, 10, 10, 10, -10, 10, 10, 10, 10, 10, 10, 10, 10, 10, 10, 10, 10, 10, 10, 10, 10, 10, 10, 10, 10, 10, 10]
Medias: [(0, 0, 0), (395, 265, 0), (296, 198, 1), (328, 216, 0), (2766, 1844, 0), (256, 168, 0), (163, 105, 0), (270, 180, 0), (4997, 3330, 0), (244, 159, 0), (4485, 2990, 55), (346, 230, 0), (165, 111, 0), (266, 157, 0), (151, 101, 0), (99, 64, 0), (631, 421, 0), (284, 189, 0), (1784, 1192, 0), (1295, 864, 0), (3307, 2205, 37), (559, 375, 26), (235, 157, 0), (347, 230, 0), (223, 148, 0), (358, 238, 0), (451, 304, 0), (402, 271, 0), (4766, 3178, 0), (200, 132, 0), (168, 108, 0), (165, 105, 0), (160, 104, 0), (511, 342, 0), (370, 248, 0), (250, 167, 0), (416, 275, 0), (619, 414, 0), (218, 146, 0), (180, 117, 0), (822, 545, 0), (3891, 2594, 0), (262, 174, 0), (473, 314, 0), (171, 115, 0), (182, 119, 0), (2887, 1925, 0), (1538, 1025, 44), (2923, 1947, 45), (4522, 3015, 48), (4134, 2755, 46), (307, 205, 0), (4863, 3242, 54), (171, 113, 0), (159, 106, 0), (241, 158, 0), (230, 156, 0), (168, 109, 0), (189, 128, 0), (4828, 3219, 0), (5304, 3537, 49), (229, 148, 0), (269, 181, 0), (476, 317, 0)]
Episode:  14 / 20 Score:  63 epsilon:  0.009756714760036816 ação:  0 TempoEpisodio: 4050.115444421768 Reward: -10
listaacao: [0, 1, 0, 0, 0, 1, 1, 1, 1, 0, 1, 1, 0, 0, 1, 1, 0, 1, 1, 0, 0, 0, 0, 0, 0, 0, 0, 0, 1, 1, 0, 0, 1, 1, 0, 0, 0, 0, 0, 0, 1, 0, 0, 0, 1, 0, 0, 0, 1, 0, 0, 0, 0, 1, 0, 0, 0, 0, 1, 0, 1, 0, 1, 0]
listaRecompensa: [0, 10, 10, 10, 10, 10, 10, 10, 10, 10, 10, 10, 10, 10, 10, -10, 10, 10, 10, 10, 10, 10, 10, 10, 10, 10, 10, 10, 10, -10, -10, 10, 10, -10, 10, 10, 10, 10, 10, 10, -10, -10, 10, 10, 10, 10, 10, 10, 10, 10, 10, 10, 10, 10, 10, 10, 10, 10, 10, 10, 10, 10, 10, -10]
Medias: [(0, 0, 0), (3714, 2475, 0), (274, 121, 0), (251, 169, 0), (313, 208, 0), (1096, 730, 0), (4752, 3169, 37), (4213, 2809, 48), (3097, 2063, 45), (195, 127, 0), (2372, 1582, 3), (2328, 1552, 37), (252, 165, 0), (307, 207, 0), (3917, 2612, 0), (364, 244, 0), (168, 111, 0), (4373, 2915, 56), (5053, 3369, 49), (297, 198, 0), (197, 131, 0), (200, 131, 0), (194, 128, 0), (362, 243, 0), (370, 247, 0), (233, 151, 0), (260, 173, 0), (332, 220, 0), (4353, 2898, 0), (323, 212, 0), (208, 136, 5), (296, 195, 0), (4039, 2693, 0), (358, 236, 0), (248, 162, 0), (670, 446, 0), (216, 143, 0), (273, 180, 0), (259, 170, 0), (421, 283, 0), (175, 117, 0), (330, 220, 5), (229, 148, 0), (674, 451, 0), (3909, 2605, 0), (320, 210, 0), (167, 111, 0), (267, 178, 0), (3712, 2475, 0), (190, 124, 0), (203, 136, 0), (267, 177, 0), (289, 191, 0), (4972, 3314, 0), (506, 337, 0), (348, 229, 0), (168, 110, 0), (169, 111, 0), (4485, 2990, 0), (336, 224, 0), (4500, 3000, 20), (157, 102, 0), (4722, 3148, 38), (4025, 2682, 55)]
Episode:  15 / 20 Score:  63 epsilon:  0.009756714760036816 ação:  1 TempoEpisodio: 4052.8184146881104 Reward: 10
listaacao: [0, 0, 0, 0, 0, 1, 0, 0, 0, 0, 1, 0, 0, 0, 0, 0, 1, 0, 0, 0, 1, 0, 0, 1, 0, 1, 0, 1, 1, 0, 1, 1, 1, 1, 0, 0, 1, 0, 1, 0, 0, 0, 0, 0, 0, 0, 0, 0, 1, 0, 0, 0, 0, 1, 0, 0, 1, 0, 1, 1, 0, 0, 1, 1]
listaRecompensa: [0, 10, 10, 10, 10, -10, 10, 10, 10, 10, -10, 10, 10, 10, 10, 10, 10, 10, -10, 10, 10, 10, 10, 10, 10, 10, -10, 10, 10, 10, 10, 10, 10, 10, 10, -10, -10, 10, 10, 10, -10, 10, 10, 10, 10, 10, 10, 10, 10, 10, 10, 10, 10, 10, 10, 10, 10, 10, 10, -10, 10, -10, 10, 10]
Medias: [(0, 0, 0), (238, 159, 0), (586, 389, 0), (265, 176, 0), (321, 214, 0), (396, 259, 0), (242, 161, 0), (289, 194, 0), (246, 164, 0), (169, 110, 0), (329, 217, 0), (337, 223, 0), (224, 149, 0), (240, 159, 0), (239, 159, 0), (195, 122, 0), (3336, 2223, 0), (293, 195, 0), (3687, 2458, 20), (792, 527, 0), (5364, 3576, 0), (217, 145, 0), (249, 164, 0), (4043, 2694, 0), (173, 113, 0), (4261, 2843, 56), (874, 580, 51), (4750, 3167, 58), (3128, 2086, 41), (309, 206, 0), (1482, 987, 0), (2554, 1704, 32), (1590, 1060, 46), (1537, 1021, 33), (321, 215, 0), (2580, 1719, 0), (842, 553, 0), (230, 155, 0), (4412, 2941, 53), (310, 206, 0), (282, 187, 1), (489, 326, 0), (271, 180, 0), (182, 120, 0), (185, 122, 0), (359, 239, 0), (367, 241, 0), (239, 157, 0), (4825, 3216, 0), (165, 106, 0), (209, 138, 0), (191, 128, 0), (163, 108, 0), (4420, 2947, 0), (262, 174, 0), (362, 237, 0), (4095, 2728, 0), (355, 237, 0), (245, 163, 2), (177, 117, 0), (392, 256, 0), (204, 132, 3), (2596, 1732, 0), (1289, 858, 33)]
Episode:  16 / 20 Score:  63 epsilon:  0.009756714760036816 ação:  0 TempoEpisodio: 4049.8011882305145 Reward: 10
listaacao: [1, 0, 1, 1, 1, 0, 1, 0, 0, 0, 0, 0, 0, 0, 0, 1, 1, 1, 0, 1, 0, 0, 0, 1, 1, 0, 0, 1, 1, 0, 1, 1, 0, 0, 0, 0, 0, 0, 0, 0, 0, 0, 0, 0, 0, 0, 0, 0, 0, 0, 1, 1, 0, 1, 1, 0, 1, 1, 1, 0, 0, 0, 0, 0]
listaRecompensa: [0, 10, 10, -10, 10, 10, 10, 10, 10, 10, 10, 10, -10, 10, 10, 10, 10, 10, 10, 10, 10, 10, 10, 10, 10, 10, 10, 10, 10, 10, 10, 10, 10, -10, 10, 10, 10, 10, 10, 10, 10, 10, 10, 10, 10, 10, 10, 10, 10, 10, 10, 10, 10, 10, 10, 10, 10, 10, 10, 10, 10, 10, 10, 10]
Medias: [(0, 0, 0), (164, 108, 0), (3920, 2614, 0), (160, 101, 0), (3646, 2430, 41), (196, 124, 0), (4332, 2888, 27), (170, 111, 0), (297, 198, 0), (227, 150, 0), (167, 110, 0), (238, 161, 0), (4469, 2979, 0), (163, 107, 0), (169, 109, 0), (4295, 2863, 0), (5119, 3411, 47), (5035, 3357, 42), (223, 145, 0), (3902, 2601, 18), (276, 184, 0), (152, 102, 0), (356, 238, 0), (1621, 1077, 0), (1945, 1293, 49), (363, 243, 0), (322, 215, 0), (3504, 2337, 0), (1246, 828, 23), (293, 194, 0), (4388, 2925, 0), (4931, 3287, 31), (176, 114, 0), (326, 217, 2), (214, 145, 0), (186, 123, 0), (177, 120, 0), (240, 160, 0), (173, 112, 0), (274, 180, 0), (312, 208, 0), (176, 116, 0), (384, 258, 0), (751, 500, 0), (190, 128, 0), (288, 193, 0), (239, 156, 0), (186, 122, 0), (202, 135, 0), (254, 167, 0), (1384, 925, 0), (2861, 1906, 47), (278, 185, 0), (2131, 1420, 0), (1568, 1043, 51), (178, 113, 0), (3128, 2083, 0), (1523, 1014, 24), (4100, 2733, 52), (243, 161, 0), (166, 112, 0), (239, 160, 0), (245, 163, 0), (172, 112, 0)]
Episode:  17 / 20 Score:  63 epsilon:  0.009756714760036816 ação:  0 TempoEpisodio: 4052.280464410782 Reward: 10
listaacao: [1, 1, 0, 1, 0, 0, 0, 1, 0, 1, 1, 0, 0, 1, 1, 0, 1, 0, 1, 1, 1, 1, 1, 1, 0, 0, 0, 0, 1, 0, 0, 1, 0, 0, 0, 0, 0, 1, 1, 0, 0, 1, 0, 1, 0, 1, 1, 0, 0, 0, 0, 0, 0, 0, 0, 0, 0, 1, 0, 0, 0, 0, 0, 0]
listaRecompensa: [0, 10, 10, 10, 10, 10, 10, 10, 10, 10, 10, 10, 10, 10, 10, 10, -10, 10, -10, -10, 10, 10, 10, 10, 10, 10, 10, 10, 10, 10, 10, 10, -10, 10, 10, 10, 10, 10, 10, -10, 10, 10, 10, 10, -10, 10, 10, 10, 10, 10, 10, 10, 10, 10, 10, 10, -10, 10, 10, 10, 10, 10, 10, 10]
Medias: [(0, 0, 0), (4344, 2895, 51), (177, 114, 0), (305, 204, 2), (293, 193, 0), (278, 185, 0), (254, 168, 0), (4865, 3244, 0), (157, 102, 0), (4083, 2723, 55), (3833, 2554, 21), (209, 139, 0), (194, 126, 0), (1130, 753, 0), (2786, 1853, 45), (265, 176, 0), (337, 222, 0), (311, 207, 0), (237, 154, 0), (356, 236, 0), (2763, 1841, 44), (1583, 1058, 15), (3474, 2316, 44), (3923, 2594, 46), (578, 388, 0), (181, 122, 0), (216, 143, 0), (175, 117, 0), (3858, 2571, 0), (209, 135, 0), (263, 176, 0), (4825, 3217, 0), (228, 150, 1), (395, 264, 0), (222, 148, 0), (318, 216, 0), (272, 181, 0), (3548, 2367, 0), (4931, 3288, 45), (164, 103, 1), (191, 129, 0), (4272, 2850, 0), (236, 153, 0), (1410, 935, 0), (3425, 2284, 51), (2446, 1631, 0), (1903, 1267, 34), (185, 121, 0), (177, 117, 0), (223, 146, 0), (185, 122, 0), (175, 114, 0), (224, 146, 0), (160, 106, 0), (181, 116, 0), (369, 247, 0), (4833, 3222, 0), (4327, 2886, 0), (182, 119, 0), (630, 418, 0), (166, 106, 0), (493, 330, 0), (338, 228, 0), (294, 194, 0)]
Episode:  18 / 20 Score:  63 epsilon:  0.009756714760036816 ação:  1 TempoEpisodio: 4051.9162883758545 Reward: -10
listaacao: [1, 0, 0, 0, 0, 0, 1, 1, 1, 1, 0, 0, 1, 1, 1, 0, 0, 0, 0, 0, 1, 0, 1, 0, 0, 1, 0, 0, 0, 0, 0, 0, 0, 0, 0, 0, 0, 1, 1, 0, 1, 1, 0, 0, 0, 0, 0, 0, 0, 0, 0, 0, 0, 1, 0, 0, 0, 0, 0, 0, 0, 1, 0, 1]
listaRecompensa: [0, 10, 10, 10, 10, 10, 10, 10, 10, -10, 10, -10, 10, 10, 10, 10, 10, 10, 10, 10, 10, -10, 10, 10, 10, 10, 10, 10, 10, 10, 10, 10, 10, 10, 10, 10, 10, 10, 10, 10, 10, 10, -10, 10, 10, 10, 10, 10, 10, 10, 10, 10, 10, 10, 10, 10, 10, 10, 10, 10, 10, -10, 10, -10]
Medias: [(0, 0, 0), (193, 126, 0), (385, 256, 0), (165, 110, 0), (274, 184, 0), (210, 134, 0), (1153, 771, 0), (5206, 3470, 50), (3147, 2097, 51), (273, 182, 0), (257, 171, 0), (277, 183, 1), (2457, 1640, 0), (5367, 3417, 44), (5367, 3417, 44), (239, 157, 0), (169, 108, 0), (198, 134, 0), (348, 230, 0), (166, 107, 0), (4179, 2786, 0), (350, 231, 5), (4696, 3131, 54), (250, 167, 0), (394, 262, 0), (5081, 3387, 0), (175, 108, 0), (284, 189, 0), (476, 317, 0), (333, 224, 0), (183, 112, 0), (308, 204, 0), (215, 144, 0), (281, 185, 0), (198, 136, 0), (255, 169, 0), (366, 244, 0), (1372, 914, 0), (2865, 1907, 42), (205, 136, 0), (2512, 1674, 2), (1712, 1140, 20), (422, 277, 5), (226, 150, 0), (359, 239, 0), (400, 264, 0), (327, 218, 0), (256, 172, 0), (195, 131, 0), (336, 223, 0), (332, 222, 0), (388, 260, 0), (204, 135, 0), (3676, 2450, 0), (215, 141, 0), (363, 245, 0), (154, 103, 0), (163, 106, 0), (585, 268, 0), (549, 366, 0), (286, 191, 0), (352, 234, 0), (200, 133, 0), (936, 623, 0)]
Episode:  19 / 20 Score:  63 epsilon:  0.009756714760036816 ação:  1 TempoEpisodio: 4053.360608816147 Reward: 10
listaacao: [0, 0, 0, 1, 1, 0, 1, 0, 1, 0, 0, 0, 0, 1, 0, 0, 0, 0, 0, 1, 1, 0, 0, 1, 0, 1, 1, 0, 1, 1, 1, 1, 1, 0, 0, 1, 0, 0, 0, 0, 0, 1, 1, 0, 1, 0, 1, 0, 1, 0, 1, 0, 0, 0, 0, 0, 0, 0, 1, 1, 0, 0, 0, 1]
listaRecompensa: [0, 10, 10, 10, 10, -10, -10, 10, 10, 10, 10, 10, 10, 10, 10, 10, 10, 10, 10, 10, 10, 10, 10, 10, 10, 10, 10, 10, -10, 10, 10, 10, 10, 10, -10, 10, 10, 10, 10, 10, 10, 10, 10, 10, 10, 10, 10, -10, 10, 10, 10, 10, 10, 10, 10, 10, 10, 10, 10, 10, 10, 10, 10, 10]
Medias: [(0,0, 0), (298, 194, 0), (304, 201, 0), (1652, 1100, 0), (1565, 1041, 32), (436, 286, 2), (205, 136, 0), (389, 261, 0), (4382, 2921, 0), (314, 212, 0), (293, 195, 0), (194, 128, 0), (578, 380, 0), (3392, 2261, 0), (267, 177, 0), (175, 115, 0), (489, 327, 0), (375, 249, 0), (162, 104, 0), (3915, 2610, 0), (3947, 2629, 49), (235, 152, 0), (296, 198, 0), (4341, 2894, 0), (177, 112, 0), (3860, 2573, 26), (4283, 2855, 18), (176, 116, 0), (988, 658, 0), (2695, 1797, 38), (1494, 995, 55), (3207, 2137, 49), (1757, 1170, 39), (205, 133, 0), (3365, 2239, 0), (4265, 2842, 0), (582, 384, 0), (165, 106, 0), (438, 294, 0), (312, 210, 0), (456, 304, 0), (5359, 3573, 0), (4224, 2817, 42), (223, 147, 0), (4575, 3050, 58), (270, 178, 0), (5055, 3370, 53), (235, 156, 8), (4731, 3154, 40), (298, 197, 0), (4521, 3014, 14), (165, 105, 0), (188, 125, 0), (296, 198, 0), (349, 231, 0), (190, 124, 0), (165, 103, 0), (204, 134, 0), (1682, 1124, 0), (3008, 2005, 30), (294, 195, 0), (471, 312, 0), (317, 210, 0), (2934, 1959, 0)]
