Episode:  0 / 20 Score:  31 epsilon:  0.7851989098440427 ação:  1 TempoEpisodio: 1983.92365026474 Reward: 10
listaacao: [0, 0, 1, 1, 1, 0, 0, 1, 1, 0, 0, 0, 0, 0, 1, 0, 0, 1, 1, 1, 0, 0, 1, 1, 0, 0, 0, 0, 0, 0, 1, 1]
listaRecompensa: [0, 10, -10, -10, -10, 10, 10, -10, -10, -10, 10, 10, 10, 10, 10, 10, -10, 10, -10, 10, 10, 10, -10, 10, -10, 10, 10, 10, 10, 10, 10, 10]
Medias: [(0, 0, 0), (285, 190, 0), (427, 283, 0), (370, 246, 0), (431, 287, 0), (153, 94, 0), (186, 123, 0), (279, 185, 0), (151, 101, 0), (4064, 2709, 55), (462, 305, 0), (273, 183, 0), (560, 375, 0), (227, 153, 0), (3597, 2398, 0), (175, 113, 0), (4684, 3032, 44), (4638, 3094, 0), (187, 116, 0), (5009, 3340, 47), (300, 200, 0), (265, 173, 0), (168, 108, 0), (372, 247, 41), (3438, 2292, 46), (268, 181, 0), (205, 136, 0), (182, 118, 0), (259, 170, 0), (265, 170, 0), (2712, 1808, 0), (1273, 738, 15)]
Episode:  1 / 20 Score:  31 epsilon:  0.48410443783967744 ação:  0 TempoEpisodio: 2020.9359652996063 Reward: 10
listaacao: [0, 0, 1, 0, 1, 0, 0, 0, 1, 1, 0, 0, 0, 0, 0, 0, 1, 0, 1, 1, 0, 0, 1, 0, 0, 0, 0, 0, 1, 1, 1, 0]
listaRecompensa: [0, 10, -10, 10, 10, -10, 10, 10, -10, -10, 10, -10, 10, -10, 10, 10, -10, 10, -10, -10, 10, 10, 10, -10, -10, -10, -10, -10, -10, -10, -10, 10]
Medias: [(0, 0, 0), (169, 111, 0), (183, 119, 0), (165, 106, 0), (5174, 3449, 51), (4326, 2884, 22), (192, 123, 0), (237, 155, 0), (146, 95, 0), (431, 282, 0), (435, 290, 0), (298, 199, 1), (212, 140, 0), (4609, 3072, 0), (172, 111, 0), (230, 150, 0), (243, 161, 0), (560, 347, 0), (296, 197, 0), (155, 99, 0), (221, 147, 0), (785, 524, 0), (2862, 1908, 0), (1801, 1200, 53), (4344, 2805, 41), (4531, 3021, 0), (4516, 3010, 0), (2231, 1488, 0), (207, 134, 0), (169, 111, 0), (197, 130, 0), (418, 278, 0)]
Episode:  2 / 20 Score:  31 epsilon:  0.29846845658843124 ação:  1 TempoEpisodio: 2020.3696932792664 Reward: 10
listaacao: [1, 0, 0, 0, 0, 1, 1, 0, 0, 0, 0, 0, 0, 0, 0, 0, 0, 0, 0, 0, 0, 0, 1, 0, 0, 0, 1, 0, 1, 0, 0, 1]
listaRecompensa: [0, 10, 10, 10, 10, -10, -10, 10, 10, 10, 10, -10, 10, 10, 10, 10, 10, 10, 10, 10, 10, -10, -10, 10, -10, -10, 10, 10, 10, -10, 10, 10]
Medias: [(0, 0, 0), (222, 144, 0), (312, 208, 0), (220, 149, 0), (184, 122, 0), (248, 164, 0), (149, 100, 0), (209, 139, 0), (275, 184, 0), (163, 107, 0), (230, 150, 0), (4553, 3036, 0), (298, 200, 0), (194, 132, 0), (188, 121, 0), (164, 104, 0), (188, 128, 0), (250, 167, 0), (266, 176, 0), (170, 113, 0), (357, 240, 0), (2298, 1533, 0), (182, 122, 0), (172, 113, 0), (215, 143, 1), (1614, 1074, 0), (1857, 1236, 0), (211, 138, 0), (1999, 1331, 0), (1197, 798, 31), (454, 303, 0), (3387, 2258, 0)]
Episode:  3 / 20 Score:  31 epsilon:  0.1840169447233663 ação:  0 TempoEpisodio: 2023.8033032417297 Reward: 10
listaacao: [1, 0, 1, 1, 0, 1, 0, 0, 0, 0, 1, 1, 0, 0, 1, 1, 0, 1, 0, 1, 0, 1, 0, 1, 0, 1, 1, 0, 0, 1, 1, 0]
listaRecompensa: [0, 10, 10, 10, 10, -10, 10, -10, 10, -10, -10, 10, 10, -10, 10, 10, 10, -10, 10, -10, -10, 10, -10, 10, -10, 10, 10, -10, 10, 10, 10, 10]
Medias: [(0, 0, 0), (235, 152, 0), (4437, 2957, 42), (4275, 2850, 31), (160, 108, 0), (175, 115, 0), (171, 107, 0), (280, 188, 14), (277, 181, 0), (4674, 3116, 0), (229, 153, 0), (5586, 3724, 21), (207, 136, 0), (4875, 3251, 60), (4523, 3014, 0), (4401, 2933, 17), (167, 110, 0), (247, 164, 0), (189, 123, 0), (193, 128, 0), (1312, 877, 53), (3531, 2355, 40), (1485, 990, 53), (1850, 1232, 18), (2618, 1745, 46), (2060, 1371, 45), (3273, 2180, 52), (777, 517, 44), (293, 195, 0), (3597, 2396, 0), (3669, 2446, 47), (159, 108, 0)]
Episode:  4 / 20 Score:  31 epsilon:  0.11345331541019858 ação:  0 TempoEpisodio: 2020.921063899994 Reward: -10
listaacao: [1, 0, 0, 0, 1, 0, 0, 0, 1, 0, 0, 1, 0, 0, 0, 0, 1, 1, 1, 0, 0, 0, 1, 0, 0, 0, 1, 0, 0, 1, 1, 0]
listaRecompensa: [0, 10, -10, 10, 10, -10, 10, 10, 10, 10, 10, 10, 10, 10, 10, 10, -10, -10, -10, -10, -10, -10, 10, 10, 10, 10, 10, 10, 10, -10, 10, -10]
Medias: [(0, 0, 0), (336, 228, 0), (434, 289, 1), (294, 194, 0), (4025, 2682, 0), (169, 114, 2), (195, 131, 0), (262, 173, 0), (1515, 920, 0), (204, 131, 0), (177, 117, 0), (4436, 2958, 0), (509, 339, 0), (153, 98, 0), (253, 169, 0), (180, 115, 0), (225, 151, 0), (219, 146, 0), (160, 101, 0), (214, 142, 1), (218, 144, 2), (2193, 1459, 0), (1629, 1084, 0), (155, 103, 0), (233, 155, 0), (168, 112, 0), (3550, 2367, 0), (643, 428, 0), (239, 161, 0), (224, 147, 0), (5469, 3649, 53), (331, 218, 11)]
Episode:  5 / 20 Score:  31 epsilon:  0.06994820393804511 ação:  0 TempoEpisodio: 2022.332103729248 Reward: 10
listaacao: [0, 1, 0, 0, 1, 0, 0, 0, 0, 0, 0, 1, 0, 1, 0, 1, 1, 1, 1, 1, 0, 0, 0, 0, 1, 1, 0, 1, 1, 1, 0, 0]
listaRecompensa: [0, -10, 10, 10, 10, 10, -10, 10, 10, 10, 10, 10, 10, 10, -10, 10, 10, 10, 10, 10, 10, 10, 10, 10, -10, 10, 10, 10, 10, 10, 10, 10]
Medias: [(0, 0, 0), (237, 158, 0), (164, 106, 0), (289, 191, 0), (4511, 3009, 0), (401, 267, 0), (306, 207, 4), (674, 450, 0), (234, 154, 0), (223, 149, 0), (187, 121, 0), (4498, 2997, 0), (235, 154, 0), (4125, 2748, 58), (393, 237, 53), (3835, 2558, 55), (3146, 2097, 17), (1802, 1200, 50), (4367, 2911, 45), (1844, 1231, 38), (233, 152, 0), (337, 224, 0), (180, 118, 0), (227, 151, 0), (200, 133, 0), (270, 177, 9), (317, 206, 0), (4723, 3150, 51), (4163, 2776, 46), (4171, 2782, 47), (173, 113, 0), (215, 145, 0)]
Episode:  6 / 20 Score:  31 epsilon:  0.04312567875577948 ação:  0 TempoEpisodio: 2021.792841911316 Reward: 10
listaacao: [0, 0, 0, 1, 0, 0, 1, 0, 1, 1, 1, 1, 1, 0, 0, 0, 1, 1, 1, 1, 1, 0, 0, 1, 1, 1, 0, 1, 1, 0, 0, 0]
listaRecompensa: [0, 10, 10, 10, 10, 10, 10, 10, 10, 10, 10, 10, 10, -10, 10, -10, 10, 10, 10, 10, 10, -10, 10, 10, 10, 10, 10, 10, -10, 10, 10, 10]
Medias: [(0, 0, 0), (222, 147, 0), (172, 106, 0), (4190, 2792, 0), (278, 186, 0), (174, 109, 0), (4402, 2935, 0), (164, 105, 0), (4020, 2682, 40), (5159, 3439, 15), (5821, 3882, 58), (3831, 2555, 54), (3045, 2031, 48), (211, 140, 1), (251, 168, 0), (1511, 1006, 0), (2885, 1926, 0), (2484, 1654, 53), (1756, 1168, 45), (2540, 1692, 48), (3951, 2633, 44), (862, 574, 27), (202, 133, 0), (3873, 2583, 0), (4606, 3072, 48), (4180, 2786, 49), (192, 122, 0), (4893, 3262, 38), (257, 168, 0), (200, 134, 0), (220, 144, 0), (232, 157, 0)]
Episode:  7 / 20 Score:  31 epsilon:  0.02658859074914894 ação:  1 TempoEpisodio: 2022.745065689087 Reward: 10
listaacao: [1, 0, 0, 1, 0, 0, 0, 1, 0, 0, 1, 0, 0, 0, 0, 1, 1, 1, 1, 0, 0, 0, 0, 0, 0, 0, 1, 1, 1, 0, 0, 1]
listaRecompensa: [0, 10, 10, 10, -10, 10, 10, -10, 10, -10, -10, 10, -10, 10, 10, 10, 10, 10, -10, 10, 10, 10, 10, 10, 10, 10, -10, -10, 10, 10, 10, 10]
Medias: [(0, 0, 0), (287, 191, 0), (219, 140, 0), (5038, 3358, 0), (441, 294, 1), (409, 270, 0), (193, 126, 0), (254, 170, 0), (243, 163, 0), (266, 176, 9), (304, 202, 0), (237, 159, 0), (334, 222, 1), (301, 200, 0), (177, 116, 0), (1255, 835, 0), (3461, 2308, 49), (1867, 1245, 38), (398, 264, 0), (184, 115, 0), (203, 134, 0), (271, 179, 0), (250, 167, 0), (427, 280, 0), (194, 128, 0), (723, 479, 0), (154, 104, 0), (168, 108, 0), (5340, 3560, 50), (236, 156, 0), (232, 151, 0), (4639, 3093, 0)]
Episode:  8 / 20 Score:  31 epsilon:  0.016392858696304843 ação:  0 TempoEpisodio: 2023.6405482292175 Reward: 10
listaacao: [1, 0, 0, 0, 0, 0, 1, 0, 0, 0, 1, 1, 1, 0, 0, 0, 0, 0, 0, 0, 1, 0, 0, 0, 0, 0, 1, 0, 1, 0, 0, 0]
listaRecompensa: [0, -10, 10, 10, 10, 10, 10, 10, 10, 10, 10, 10, 10, 10, -10, 10, 10, 10, 10, 10, 10, 10, 10, 10, 10, 10, 10, 10, 10, 10, 10, 10]
Medias: [(0, 0, 0), (4461, 2975, 53), (337, 224, 0), (249, 167, 0), (213, 140, 0), (211, 139, 0), (4655, 3103, 0), (228, 153, 0), (497, 333, 0), (629, 416, 0), (3644, 2258, 0), (4167, 2778, 22), (2487, 1659, 54), (310, 205, 0), (302, 167, 2), (212, 139, 0), (327, 212, 0), (241, 160, 0), (468, 311, 0), (290, 194, 0), (3991, 2660, 0), (185, 124, 0), (183, 120, 0), (152, 94, 0), (279, 182, 0), (407, 267, 0), (3967, 2645, 0), (235, 156, 0), (5266, 3511, 52), (491, 327, 0), (257, 174, 0), (177, 116, 0)]
Episode:  9 / 20 Score:  31 epsilon:  0.010106809299233686 ação:  1 TempoEpisodio: 2022.558244228363 Reward: 10
listaacao: [0, 1, 0, 1, 0, 0, 0, 0, 0, 0, 1, 1, 0, 1, 0, 0, 1, 0, 0, 1, 0, 0, 1, 1, 0, 0, 0, 0, 0, 1, 0, 1]
listaRecompensa: [0, 10, 10, 10, 10, 10, 10, 10, 10, 10, 10, 10, -10, 10, -10, 10, 10, 10, 10, -10, 10, 10, 10, 10, 10, 10, 10, 10, 10, 10, 10, 10]
Medias: [(0, 0, 0), (3424, 2283, 0), (195, 130, 0), (4492, 2993, 53), (222, 147, 0), (269, 177, 0), (250, 165, 0), (185, 123, 0), (191, 126, 0), (286, 188, 0), (2404, 1603, 0), (1981, 1322, 42), (428, 273, 6), (3032, 2021, 0), (1494, 996, 36), (354, 232, 0), (3856, 2571, 0), (386, 257, 0), (222, 148, 0), (233, 155, 0), (235, 152, 0), (233, 155, 0), (4666, 3110, 0), (4012, 2675, 36), (178, 121, 0), (224, 149, 0), (179, 123, 0), (384, 253, 0), (192, 125, 0), (5156, 3438, 0), (179, 115, 0), (4809, 3206, 26)]
Episode:  10 / 20 Score:  31 epsilon:  0.009955207159745181 ação:  0 TempoEpisodio: 2023.938261270523 Reward: -10
listaacao: [1, 0, 0, 0, 1, 1, 0, 1, 1, 0, 0, 1, 1, 0, 0, 0, 0, 0, 1, 0, 1, 0, 0, 0, 0, 0, 1, 0, 0, 1, 0, 0]
listaRecompensa: [0, 10, 10, 10, 10, 10, 10, 10, 10, 10, 10, 10, 10, -10, 10, 10, 10, 10, 10, 10, 10, 10, 10, 10, 10, 10, 10, 10, 10, 10, 10, -10]
Medias: [(0, 0, 0), (208, 139, 0), (526, 353, 0), (245, 162, 0), (1025, 682, 0), (2828, 1885, 18), (166, 106, 0), (1786, 1189, 0), (2485, 1658, 19), (377, 251, 0), (252, 168, 0), (2867, 1911, 0), (4123, 2749, 47), (368, 242, 8), (179, 114, 0), (178, 117, 0), (383, 254, 0), (601, 400, 0), (4851, 3235, 0), (214, 143, 0), (4516, 3011, 36), (156, 98, 0), (172, 110, 0), (203, 134, 0), (258, 171, 0), (200, 128, 0), (4816, 3211, 0), (193, 131, 0), (241, 158, 0), (4695, 3131, 0), (281, 189, 0), (294, 200, 1)]
Episode:  11 / 20 Score:  31 epsilon:  0.009955207159745181 ação:  0 TempoEpisodio: 2023.4160542488098 Reward: 10
listaacao: [0, 1, 0, 1, 1, 1, 1, 1, 0, 0, 0, 1, 0, 0, 0, 0, 0, 0, 0, 0, 0, 0, 1, 1, 0, 0, 0, 0, 0, 0, 1, 0]
listaRecompensa: [0, 10, -10, 10, 10, 10, 10, 10, 10, -10, 10, -10, 10, 10, 10, 10, 10, 10, 10, 10, 10, 10, 10, 10, -10, 10, 10, 10, 10, 10, 10, 10]
Medias: [(0, 0, 0), (3451, 2174, 0), (847, 564, 53), (3510, 2342, 42), (1572, 1050, 47), (2846, 1896, 41), (2187, 1457, 46), (1973, 1314, 36), (213, 141, 0), (402, 266, 27), (168, 110, 0), (203, 134, 0), (261, 172, 0), (173, 109, 0), (276, 183, 0), (497, 327, 0), (254, 168, 0), (166, 112, 0), (344, 231, 0), (148, 98, 0), (230, 152, 0), (251, 162, 0), (4782, 3189, 0), (5291, 3527, 24), (312, 206, 12), (228, 151, 0), (191, 126, 0), (188, 122, 0), (329, 220, 0), (434, 284, 0), (3093, 2061, 0), (173, 111, 0)]
Episode:  12 / 20 Score:  31 epsilon:  0.009955207159745181 ação:  0 TempoEpisodio: 2024.0425896644592 Reward: 10
listaacao: [0, 0, 0, 0, 0, 0, 0, 1, 0, 0, 0, 0, 0, 0, 1, 0, 0, 0, 0, 0, 1, 0, 0, 1, 0, 0, 1, 1, 0, 0, 0, 0]
listaRecompensa: [0, 10, 10, 10, 10, 10, 10, 10, 10, 10, 10, 10, 10, 10, 10, 10, -10, 10, 10, 10, 10, 10, 10, 10, 10, 10, -10, -10, 10, -10, 10, 10]
Medias: [(0, 0, 0), (161, 105, 0), (184, 121, 0), (357, 238, 0), (318, 210, 0), (342, 226, 0), (216, 144, 0), (3722, 2483, 0), (897, 594, 0), (416, 275, 0), (177, 114, 0), (282, 188, 0), (304, 201, 0), (325, 216, 0), (3968, 2647, 0), (174, 110, 0), (4653, 3101, 24), (187, 122, 0), (165, 105, 0), (206, 139, 0), (4487, 2992, 0), (310, 203, 0), (243, 165, 0), (4256, 2817, 0), (210, 138, 0), (341, 227, 0), (369, 247, 0), (500, 330, 0), (166, 102, 0), (560, 371, 1), (306, 207, 0), (265, 174, 0)]
Episode:  13 / 20 Score:  31 epsilon:  0.009955207159745181 ação:  1 TempoEpisodio: 2022.729808330536 Reward: 10
listaacao: [0, 1, 0, 1, 0, 1, 0, 0, 1, 1, 0, 0, 1, 0, 1, 0, 0, 0, 0, 0, 1, 1, 0, 0, 0, 0, 0, 0, 1, 1, 0, 1]
listaRecompensa: [0, 10, 10, 10, -10, -10, -10, 10, 10, 10, -10, -10, 10, 10, 10, 10, 10, 10, 10, 10, 10, 10, 10, 10, 10, 10, 10, 10, 10, 10, -10, 10]
Medias: [(0, 0, 0), (1524, 1012, 0), (289, 191, 0), (3145, 2096, 0), (1059, 702, 25), (421, 281, 0), (242, 161, 4), (269, 176, 0), (4290, 2861, 0), (4622, 3081, 22), (4661, 3108, 50), (253, 168, 8), (5500, 3667, 0), (197, 132, 0), (4464, 2976, 53), (238, 161, 0), (204, 136, 0), (299, 197, 0), (189, 122, 0), (219, 149, 0), (5034, 3357, 0), (4117, 2745, 48), (218, 143, 0), (232, 153, 0), (213, 141, 0), (193, 130, 0), (290, 194, 0), (239, 160, 0), (1803, 1201, 0), (2647, 1765, 46), (1944, 1297, 55), (1715, 1141, 40)]
Episode:  14 / 20 Score:  31 epsilon:  0.009955207159745181 ação:  0 TempoEpisodio: 2022.1255095005035 Reward: 10
listaacao: [1, 0, 0, 0, 1, 1, 0, 1, 0, 0, 0, 0, 0, 1, 0, 0, 0, 0, 1, 0, 0, 0, 0, 1, 1, 1, 1, 1, 1, 1, 0, 0]
listaRecompensa: [0, 10, 10, 10, 10, 10, 10, 10, 10, 10, 10, 10, 10, 10, 10, 10, 10, 10, 10, 10, 10, 10, 10, -10, 10, -10, 10, 10, 10, 10, 10, 10]
Medias: [(0, 0, 0), (520, 344, 0), (348, 231, 0), (225, 151, 0), (4200, 2799, 0), (4279, 2853, 51), (158, 101, 0), (3170, 2112, 53), (156, 107, 0), (250, 166, 0), (176, 114, 0), (187, 123, 0), (280, 187, 0), (4977, 3320, 0), (177, 115, 0), (255, 172, 0), (220, 150, 0), (655, 434, 0), (4493, 2995, 0), (159, 101, 0), (662, 427, 0), (195, 132, 0), (202, 135, 0), (461, 308, 0), (3758, 2506, 29), (284, 186, 0), (1405, 939, 55), (2488, 1658, 19), (2508, 1673, 32), (2184, 1455, 53), (261, 175, 0), (186, 125, 0)]
Episode:  15 / 20 Score:  31 epsilon:  0.009955207159745181 ação:  0 TempoEpisodio: 2023.6494510173798 Reward: 10
listaacao: [0, 1, 0, 0, 0, 1, 1, 1, 1, 0, 1, 1, 1, 1, 0, 1, 0, 0, 0, 1, 1, 0, 0, 0, 1, 0, 1, 1, 0, 0, 1, 0]
listaRecompensa: [0, 10, 10, 10, 10, 10, 10, 10, 10, 10, 10, 10, 10, 10, 10, 10, 10, 10, 10, 10, 10, 10, 10, 10, -10, 10, 10, 10, 10, 10, -10, 10]
Medias: [(0, 0, 0), (3215, 2142, 0), (551, 361, 0), (273, 180, 0), (246, 168, 0), (4710, 3140, 0), (4092, 2728, 47), (5286, 3525, 48), (4974, 3315, 58), (151, 101, 0), (4060, 2709, 36), (4915, 3275, 19), (4696, 3131, 45), (4417, 2945, 49), (386, 256, 0), (3385, 2259, 23), (255, 170, 0), (211, 142, 0), (490, 327, 0), (4487, 2992, 0), (4340, 2895, 46), (213, 139, 0), (334, 222, 0), (215, 147, 0), (166, 111, 0), (227, 148, 0), (2129, 1420, 0), (2237, 1491, 20), (181, 118, 0), (281, 183, 0), (389, 256, 0), (240, 157, 0)]
Episode:  16 / 20 Score:  31 epsilon:  0.009955207159745181 ação:  0 TempoEpisodio: 2021.4622030258179 Reward: 10
listaacao: [1, 0, 1, 1, 0, 0, 1, 0, 0, 0, 0, 1, 0, 0, 0, 0, 0, 1, 0, 1, 1, 0, 1, 1, 0, 0, 0, 0, 1, 1, 0, 0]
listaRecompensa: [0, 10, -10, 10, 10, 10, -10, 10, 10, 10, 10, 10, 10, 10, 10, 10, 10, 10, 10, -10, 10, -10, 10, 10, -10, -10, 10, 10, 10, 10, 10, 10]
Medias: [(0, 0, 0), (203, 131, 0), (202, 131, 0), (5387, 3592, 47), (373, 250, 0), (409, 270, 0), (208, 138, 0), (204, 138, 0), (208, 137, 0), (174, 112, 0), (596, 398, 0), (4822, 3217, 0), (188, 123, 0), (284, 188, 0), (264, 178, 0), (161, 104, 0), (206, 134, 0), (3765, 2512, 0), (177, 116, 0), (443, 296, 0), (3508, 2340, 40), (448, 299, 1), (1496, 998, 0), (2932, 1955, 56), (478, 321, 1), (286, 188, 4), (295, 195, 0), (359, 240, 0), (3317, 2213, 0), (3876, 2586, 47), (295, 197, 0), (164, 107, 0)]
Episode:  17 / 20 Score:  31 epsilon:  0.009955207159745181 ação:  1 TempoEpisodio: 2024.7710604667664 Reward: 10
listaacao: [0, 0, 0, 0, 1, 1, 1, 1, 0, 0, 0, 0, 1, 0, 0, 0, 0, 0, 0, 0, 0, 0, 0, 0, 1, 0, 0, 0, 0, 1, 0, 1]
listaRecompensa: [0, 10, 10, 10, 10, -10, 10, 10, 10, 10, 10, 10, 10, 10, 10, 10, 10, 10, 10, 10, 10, 10, 10, 10, 10, -10, 10, 10, 10, 10, 10, 10]
Medias: [(0, 0, 0), (275, 182, 0), (251, 165, 0), (217, 145, 0), (4748, 3165, 0), (220, 148, 0), (4570, 3047, 53), (5017, 3345, 45), (174, 114, 0), (181, 122, 0), (291, 192, 0), (348, 229, 0), (3928, 2619, 0), (353, 236, 0), (307, 206, 0), (354, 238, 0), (341, 225, 0), (281, 186, 0), (229, 149, 0), (252, 169, 0), (224, 149, 0), (221, 145, 0), (354, 234, 0), (204, 135, 0), (3448, 2299, 0), (1077, 718, 40), (505, 339, 0), (440, 290, 0), (266, 175, 0), (3708, 2472, 0), (273, 179, 0), (1493, 937, 38)]
Episode:  18 / 20 Score:  31 epsilon:  0.009955207159745181 ação:  0 TempoEpisodio: 2024.850108385086 Reward: 10
listaacao: [1, 0, 0, 1, 0, 1, 1, 0, 1, 0, 0, 0, 0, 0, 0, 0, 0, 0, 1, 1, 1, 0, 1, 1, 1, 0, 0, 1, 0, 1, 1, 0]
listaRecompensa: [0, 10, 10, 10, 10, 10, -10, 10, 10, 10, 10, 10, 10, 10, 10, 10, 10, 10, 10, 10, 10, -10, 10, 10, 10, -10, -10, 10, 10, 10, 10, 10]
Medias: [(0, 0, 0), (172, 109, 0), (173, 117, 0), (4588, 3059, 0), (192, 133, 0), (5214, 3478, 30), (539, 361, 0), (336, 221, 0), (5373, 3582, 48), (395, 263, 0), (241, 161, 0), (300, 200, 0), (212, 143, 0), (221, 148, 0), (170, 111, 0), (378, 251, 0), (186, 120, 0), (298, 195, 0), (1842, 1229, 0), (3719, 2479, 34), (4236, 2825, 47), (1102, 734, 36), (2413, 1608, 0), (4009, 2672, 14), (4600, 3066, 42), (241, 157, 3), (209, 139, 1), (4979, 3320, 0), (175, 115, 0), (5226, 3484, 40), (5150, 3435, 45), (215, 143, 0)]
Episode:  19 / 20 Score:  31 epsilon:  0.009955207159745181 ação:  0 TempoEpisodio: 2023.9133031368256 Reward: 10
listaacao: [1, 0, 0, 0, 1, 0, 0, 0, 1, 0, 1, 0, 1, 1, 1, 1, 1, 1, 1, 0, 0, 0, 1, 0, 0, 0, 0, 0, 1, 0, 1, 0]
listaRecompensa: [0, 10, 10, 10, 10, 10, 10, 10, 10, 10, 10, 10, 10, 10, 10, 10, 10, 10, 10, -10, -10, 10, -10, 10, 10, 10, 10, 10, 10, 10, 10, 10]
Medias: [(0, 0, 0), (354, 235, 0), (190, 125, 0), (232, 152, 0), (5259, 3506, 0), (163, 107, 0), (178, 112, 0), (208, 141, 0), (4694, 3129, 0), (338, 225, 0), (3871, 2580, 39), (222, 147, 0), (1028, 684, 0), (2936, 1957, 25), (1499, 1000, 44), (4514, 3010, 48), (4775, 3184, 38), (2043, 1361, 45), (2952, 1964, 43), (1329, 885, 39), (178, 119, 2), (260, 172, 0), (261, 173, 0), (353, 233, 0), (203, 136, 0), (186, 123, 0), (310, 206, 0), (202, 135, 0), (5072, 3380, 0), (182, 121, 0), (4780, 3187, 54), (534, 356, 0)]
