Episode:  0 / 20 Score:  31 epsilon:  0.6142536534626856 ação:  1 TempoEpisodio: 1983.3275699615479 Reward: -10
listaacao: [0, 1, 1, 1, 1, 1, 0, 0, 0, 0, 0, 1, 0, 0, 0, 1, 1, 1, 0, 1, 1, 0, 1, 0, 0, 1, 1, 1, 0, 1, 0, 1]
listaRecompensa: [0, -10, 10, 10, -10, 10, -10, 10, 10, -10, 10, 10, 10, 10, -10, 10, -10, -10, 10, -10, -10, 10, -10, 10, 10, 10, -10, -10, -10, 10, -10, -10]
Medias: [(0, 0, 0), (148, 96, 0), (5415, 3610, 18), (4577, 3051, 51), (159, 106, 0), (154, 101, 1), (4357, 2906, 45), (224, 149, 0), (185, 122, 0), (4398, 2931, 0), (229, 150, 0), (4201, 2802, 0), (177, 118, 0), (206, 137, 0), (4270, 2846, 0), (4723, 3150, 0), (287, 191, 0), (196, 128, 0), (707, 471, 0), (206, 137, 0), (178, 109, 0), (538, 357, 0), (453, 300, 0), (159, 104, 0), (232, 155, 0), (4074, 2717, 0), (237, 156, 0), (219, 148, 0), (3976, 2651, 15), (3743, 2493, 22), (183, 126, 2), (166, 106, 0)]
Episode:  1 / 20 Score:  31 epsilon:  0.23176254155320164 ação:  0 TempoEpisodio: 2019.463586807251 Reward: 10
listaacao: [0, 0, 1, 1, 1, 0, 0, 1, 1, 0, 0, 0, 0, 0, 0, 1, 1, 1, 0, 0, 0, 0, 1, 0, 0, 1, 1, 0, 1, 1, 0, 0]
listaRecompensa: [0, -10, 10, 10, -10, 10, 10, 10, 10, -10, 10, 10, 10, 10, 10, -10, 10, 10, -10, 10, 10, 10, -10, 10, -10, -10, 10, 10, 10, -10, 10, 10]
Medias: [(0, 0, 0), (260, 157, 5), (1589, 1060, 0), (2557, 1703, 48), (179, 117, 0), (172, 112, 0), (438, 287, 0), (2749, 1832, 0), (819, 544, 31), (169, 110, 2), (262, 175, 0), (214, 141, 0), (218, 144, 0), (160, 102, 0), (272, 180, 0), (156, 102, 0), (3694, 2462, 48), (5271, 3514, 43), (4815, 3210, 51), (169, 113, 0), (261, 171, 0), (203, 135, 0), (239, 160, 0), (301, 201, 0), (5220, 3480, 40), (164, 108, 0), (3633, 2422, 42), (159, 101, 0), (4920, 3280, 45), (171, 110, 0), (161, 104, 0), (232, 152, 0)]
Episode:  2 / 20 Score:  31 epsilon:  0.08744575691882718 ação:  0 TempoEpisodio: 2020.5301072597504 Reward: 10
listaacao: [0, 0, 0, 1, 1, 0, 0, 0, 0, 0, 0, 0, 0, 0, 1, 0, 0, 0, 0, 1, 0, 0, 0, 1, 1, 0, 0, 0, 1, 0, 0, 0]
listaRecompensa: [0, 10, 10, 10, 10, 10, 10, 10, 10, 10, 10, 10, 10, 10, 10, 10, 10, 10, 10, -10, 10, -10, 10, -10, 10, 10, 10, 10, -10, 10, 10, 10]
Medias: [(0, 0, 0), (333, 220, 0), (163, 109, 0), (1772, 1180, 0), (1852, 1237, 34), (391, 261, 0), (305, 200, 0), (474, 318, 0), (228, 151, 0), (182, 120, 0), (380, 254, 0), (275, 183, 0), (193, 131, 0), (225, 152, 0), (5070, 3380, 0), (349, 233, 0), (261, 174, 0), (205, 138, 0), (226, 149, 0), (246, 164, 0), (228, 153, 0), (317, 210, 10), (239, 162, 0), (383, 256, 0), (4254, 2837, 29), (177, 115, 0), (297, 194, 0), (271, 180, 0), (562, 375, 0), (410, 273, 0), (223, 146, 0), (173, 116, 0)]
Episode:  3 / 20 Score:  31 epsilon:  0.03299394437021773 ação:  1 TempoEpisodio: 2023.229570865631 Reward: -10
listaacao: [0, 0, 1, 0, 0, 1, 1, 0, 0, 0, 1, 0, 1, 0, 0, 0, 0, 0, 0, 0, 1, 0, 0, 1, 0, 0, 1, 0, 0, 0, 0, 1]
listaRecompensa: [0, 10, 10, -10, 10, 10, 10, -10, 10, 10, -10, 10, 10, 10, 10, 10, 10, 10, 10, 10, 10, 10, 10, 10, 10, -10, 10, 10, 10, 10, 10, -10]
Medias: [(0, 0, 0), (174, 112, 0), (1974, 1314, 0), (1718, 1144, 19), (189, 123, 0), (2958, 1973, 0), (1116, 741, 32), (205, 138, 2), (153, 97, 0), (174, 112, 0), (165, 104, 0), (364, 240, 0), (3713, 2474, 55), (305, 184, 0), (198, 125, 0), (224, 150, 0), (236, 155, 0), (246, 164, 0), (329, 221, 0), (280, 185, 0), (4601, 3069, 0), (185, 123, 0), (345, 229, 0), (4288, 2858, 0), (169, 107, 0), (454, 304, 1), (4029, 2686, 0), (230, 153, 0), (287, 188, 0), (271, 181, 0), (335, 220, 0), (161, 109, 0)]
Episode:  4 / 20 Score:  31 epsilon:  0.012448864341302825 ação:  0 TempoEpisodio: 2021.678542137146 Reward: -10
listaacao: [0, 0, 0, 1, 0, 0, 0, 0, 0, 1, 1, 0, 0, 0, 1, 0, 0, 0, 1, 1, 0, 0, 0, 1, 0, 0, 0, 0, 0, 0, 0, 0]
listaRecompensa: [0, 10, 10, 10, 10, 10, 10, 10, 10, 10, 10, 10, 10, 10, 10, -10, -10, 10, 10, 10, 10, 10, 10, 10, 10, 10, 10, -10, -10, 10, 10, -10]
Medias: [(0, 0, 0), (208, 136, 0), (247, 165, 0), (2643, 1760, 0), (458, 302, 0), (218, 140, 0), (252, 168, 0), (210, 142, 0), (599, 397, 0), (5118, 3412, 0), (4714, 3143, 50), (399, 265, 0), (440, 292, 0), (285, 188, 0), (4442, 2960, 0), (379, 255, 4), (161, 103, 1), (191, 130, 0), (5030, 3353, 0), (4277, 2722, 21), (178, 114, 0), (470, 313, 0), (541, 357, 0), (4814, 3208, 0), (182, 119, 0), (177, 113, 0), (168, 112, 0), (1282, 851, 0), (2754, 1836, 0), (299, 200, 0), (232, 152, 0), (2800, 1865, 0)]
Episode:  5 / 20 Score:  31 epsilon:  0.009756714760036816 ação:  0 TempoEpisodio: 2022.2196803092957 Reward: -10
listaacao: [0, 0, 0, 0, 0, 0, 1, 0, 1, 1, 0, 0, 0, 0, 0, 0, 0, 0, 1, 0, 0, 1, 0, 0, 0, 0, 1, 1, 1, 0, 0, 0]
listaRecompensa: [0, 10, 10, 10, 10, 10, 10, -10, 10, 10, 10, 10, 10, 10, 10, 10, 10, 10, -10, 10, 10, 10, -10, -10, 10, -10, 10, 10, 10, -10, -10, -10]
Medias: [(0, 0, 0), (171, 110, 0), (174, 112, 0), (353, 237, 0), (296, 198, 0), (382, 254, 0), (4935, 3292, 0), (4245, 2830, 49), (4953, 3300, 47), (4168, 2777, 26), (171, 110, 0), (299, 195, 0), (232, 151, 0), (188, 123, 0), (271, 177, 0), (260, 173, 0), (156, 98, 0), (304, 204, 0), (276, 187, 0), (438, 295, 0), (153, 98, 0), (3310, 2207, 0), (706, 466, 59), (3534, 2355, 49), (228, 152, 0), (1207, 802, 0), (3959, 2640, 0), (2435, 1620, 23), (2086, 1391, 35), (1843, 1226, 54), (2085, 1391, 0), (1091, 728, 0)]
Episode:  6 / 20 Score:  31 epsilon:  0.009756714760036816 ação:  0 TempoEpisodio: 2022.2063908576965 Reward: 10
listaacao: [0, 0, 0, 0, 0, 1, 1, 0, 0, 0, 1, 0, 0, 0, 0, 0, 1, 1, 0, 0, 0, 0, 0, 0, 1, 1, 1, 0, 0, 0, 1, 0]
listaRecompensa: [0, 10, 10, 10, 10, 10, 10, 10, 10, 10, 10, 10, 10, 10, 10, 10, 10, 10, -10, 10, 10, 10, 10, 10, -10, 10, 10, 10, 10, 10, 10, 10]
Medias: [(0, 0, 0), (182, 117, 0), (199, 130, 0), (214, 146, 0), (251, 164, 0), (5193, 3463, 0), (5241, 3495, 41), (228, 151, 0), (168, 107, 0), (354, 235, 0), (4806, 3204, 0), (214, 141, 0), (173, 113, 0), (258, 172, 0), (201, 138, 0), (185, 122, 0), (4747, 3166, 0), (3793, 2529, 50), (678, 449, 6), (281, 181, 0), (278, 187, 0), (342, 229, 0), (213, 141, 0), (230, 152, 0), (235, 154, 0), (2695, 1795, 46), (2210, 1474, 40), (314, 209, 0), (261, 175, 0), (282, 187, 0), (2927, 1948, 0), (187, 123, 0)]
Episode:  7 / 20 Score:  31 epsilon:  0.009756714760036816 ação:  1 TempoEpisodio: 2022.9657702445984 Reward: 10
listaacao: [0, 1, 0, 1, 0, 0, 0, 0, 1, 0, 0, 0, 0, 1, 0, 1, 0, 0, 0, 1, 0, 0, 0, 0, 1, 1, 0, 0, 0, 0, 1, 1]
listaRecompensa: [0, 10, 10, 10, 10, 10, 10, 10, 10, 10, 10, 10, 10, 10, -10, 10, 10, 10, 10, -10, 10, -10, -10, -10, 10, 10, 10, 10, 10, 10, 10, 10]
Medias: [(0, 0, 0), (4492, 2993, 0), (180, 112, 0), (4326, 2885, 39), (173, 114, 0), (214, 140, 0), (275, 182, 0), (223, 149, 0), (5227, 3485, 0), (195, 129, 0), (242, 163, 0), (253, 167, 0), (352, 234, 0), (5487, 3657, 0), (353, 236, 1), (4068, 2711, 51), (176, 115, 0), (248, 165, 0), (250, 167, 0), (197, 129, 0), (279, 182, 0), (216, 140, 4), (1534, 1023, 0), (1747, 1166, 0), (1057, 705, 0), (1256, 836, 32), (208, 139, 0), (238, 155, 0), (357, 237, 0), (320, 214, 0), (4798, 3197, 0), (4628, 3086, 40)]
Episode:  8 / 20 Score:  31 epsilon:  0.009756714760036816 ação:  1 TempoEpisodio: 2021.7950835227966 Reward: 10
listaacao: [0, 0, 1, 0, 0, 1, 0, 0, 0, 0, 0, 0, 0, 1, 1, 0, 0, 0, 0, 0, 0, 0, 1, 0, 0, 0, 1, 0, 0, 0, 0, 1]
listaRecompensa: [0, -10, 10, 10, 10, 10, 10, 10, 10, 10, 10, 10, 10, 10, 10, -10, 10, 10, 10, 10, 10, -10, 10, 10, 10, 10, 10, 10, 10, 10, 10, 10]
Medias: [(0, 0, 0), (4611, 3075, 36), (4750, 3168, 0), (157, 103, 0), (164, 105, 0), (4837, 3225, 0), (180, 117, 0), (259, 171, 0), (419, 281, 0), (159, 106, 0), (213, 134, 0), (165, 109, 0), (155, 102, 0), (4304, 2869, 0), (3936, 2624, 43), (591, 393, 4), (269, 177, 0), (325, 218, 0), (177, 117, 0), (171, 109, 0), (208, 140, 0), (2234, 1491, 0), (2650, 1763, 0), (399, 265, 0), (409, 271, 0), (295, 200, 0), (3048, 2030, 0), (711, 476, 0), (189, 121, 0), (191, 121, 0), (187, 124, 0), (4348, 2898, 0)]
Episode:  9 / 20 Score:  31 epsilon:  0.009756714760036816 ação:  0 TempoEpisodio: 2021.9955723285675 Reward: 10
listaacao: [0, 0, 0, 0, 0, 1, 0, 0, 0, 0, 0, 1, 0, 0, 0, 1, 0, 1, 1, 0, 1, 1, 0, 0, 0, 1, 0, 0, 0, 1, 1, 0]
listaRecompensa: [0, 10, 10, 10, 10, 10, 10, 10, 10, 10, 10, 10, 10, 10, 10, -10, 10, 10, 10, 10, 10, 10, 10, 10, -10, -10, 10, -10, 10, 10, 10, 10]
Medias: [(0, 0, 0), (233, 156, 0), (160, 105, 0), (241, 160, 0), (255, 168, 0), (4552, 3034, 0), (278, 186, 0), (435, 289, 0), (321, 213, 0), (291, 191, 0), (209, 140, 0), (3431, 2289, 0), (263, 172, 0), (223, 145, 0), (182, 121, 0), (492, 329, 0), (210, 138, 0), (1583, 1051, 0), (2069, 1379, 13), (339, 225, 0), (2316, 1544, 0), (2118, 1411, 36), (190, 127, 0), (164, 103, 0), (2756, 1836, 0), (760, 507, 0), (228, 152, 0), (237, 152, 1), (387, 257, 0), (4759, 3171, 0), (4501, 3001, 47), (163, 109, 0)]
Episode:  10 / 20 Score:  31 epsilon:  0.009756714760036816 ação:  0 TempoEpisodio: 2021.70405960083 Reward: 10
listaacao: [0, 1, 0, 1, 0, 1, 0, 1, 0, 0, 1, 0, 0, 0, 0, 0, 0, 0, 1, 1, 0, 0, 0, 0, 1, 0, 0, 0, 0, 0, 0, 0]
listaRecompensa: [0, 10, 10, 10, 10, 10, 10, 10, -10, 10, 10, 10, -10, 10, 10, 10, 10, 10, 10, 10, 10, -10, 10, 10, 10, 10, 10, 10, 10, 10, 10, 10]
Medias: [(0, 0, 0), (4146, 2763, 0), (205, 135, 0), (4794, 3196, 58), (252, 166, 0), (4344, 2895, 27), (238, 159, 0), (4450, 2966, 57), (591, 396, 1), (302, 200, 0), (4306, 2871, 0), (316, 209, 0), (305, 199, 1), (176, 112, 0), (214, 142, 0), (169, 106, 0), (223, 143, 0), (283, 188, 0), (2653, 1769, 0), (1630, 1084, 45), (277, 183, 0), (270, 178, 1), (180, 116, 0), (211, 138, 0), (3673, 2447, 0), (169, 107, 0), (181, 118, 0), (537, 358, 0), (478, 316, 0), (156, 102, 0), (169, 109, 0), (219, 143, 0)]
Episode:  11 / 20 Score:  31 epsilon:  0.009756714760036816 ação:  0 TempoEpisodio: 2020.4613590240479 Reward: -10
listaacao: [0, 0, 0, 0, 0, 1, 0, 0, 0, 0, 0, 0, 0, 0, 0, 0, 0, 0, 0, 0, 0, 0, 0, 0, 0, 0, 0, 0, 0, 1, 0, 0]
listaRecompensa: [0, 10, 10, 10, 10, 10, 10, -10, 10, 10, 10, 10, 10, 10, 10, 10, 10, 10, 10, 10, 10, 10, 10, 10, 10, 10, 10, 10, 10, 10, 10, -10]
Medias: [(0, 0, 0), (175, 115, 0), (234, 155, 0), (440, 293, 0), (234, 154, 0), (3944, 2629, 0), (199, 129, 0), (257, 173, 2), (170, 110, 0), (254, 167, 0), (235, 151, 0), (246, 163, 0), (229, 149, 0), (172, 114, 0), (189, 123, 0), (626, 418, 0), (238, 158, 0), (241, 156, 0), (184, 121, 0), (178, 121, 0), (249, 164, 0), (228, 152, 0), (436, 293, 0), (171, 108, 0), (290, 192, 0), (163, 102, 0), (379, 249, 0), (169, 112, 0), (151, 95, 0), (4308, 2872, 0), (299, 196, 0), (189, 127, 8)]
Episode:  12 / 20 Score:  31 epsilon:  0.009756714760036816 ação:  0 TempoEpisodio: 2021.953824043274 Reward: 10
listaacao: [0, 1, 0, 1, 0, 1, 0, 0, 0, 0, 0, 0, 1, 0, 0, 0, 0, 0, 0, 0, 1, 0, 1, 0, 1, 1, 0, 0, 0, 0, 0, 0]
listaRecompensa: [0, 10, 10, 10, 10, 10, 10, 10, 10, 10, -10, -10, -10, 10, -10, 10, 10, 10, 10, 10, 10, -10, 10, 10, 10, 10, -10, 10, 10, 10, 10, 10]
Medias: [(0, 0, 0), (4090, 2728, 0), (169, 110, 0), (4000, 2666, 55), (497, 331, 0), (4562, 3041, 41), (330, 221, 0), (403, 267, 0), (235, 153, 0), (534, 355, 0), (4812, 3206, 0), (2720, 1720, 0), (315, 211, 0), (216, 141, 0), (246, 160, 2), (158, 98, 0), (159, 103, 0), (169, 111, 0), (209, 136, 0), (196, 133, 0), (2722, 1813, 0), (659, 438, 1), (4648, 3098, 19), (158, 104, 0), (4233, 2821, 45), (4769, 3180, 25), (181, 120, 2), (306, 205, 0), (172, 111, 0), (170, 110, 0), (393, 262, 0), (333, 223, 0)]
Episode:  13 / 20 Score:  31 epsilon:  0.009756714760036816 ação:  0 TempoEpisodio: 2023.1279828548431 Reward: 10
listaacao: [0, 0, 0, 0, 0, 1, 1, 1, 1, 1, 0, 0, 0, 1, 0, 0, 1, 1, 0, 0, 0, 0, 1, 0, 0, 0, 1, 1, 0, 0, 0, 0]
listaRecompensa: [0, 10, 10, 10, 10, 10, 10, 10, 10, 10, -10, 10, 10, 10, -10, 10, 10, 10, 10, -10, 10, 10, 10, 10, 10, 10, 10, 10, 10, 10, 10, 10]
Medias: [(0, 0, 0), (457, 304, 0), (171, 113, 0), (169, 112, 0), (203, 134, 0), (5041, 3360, 0), (4450, 2967, 45), (3723, 2481, 53), (3760, 2508, 54), (3744, 2493, 17), (229, 151, 1), (189, 126, 0), (278, 186, 0), (2383, 1590, 0), (2122, 1412, 49), (210, 141, 0), (3248, 2163, 0), (848, 566, 48), (533, 353, 0), (167, 108, 1), (215, 142, 0), (206, 137, 0), (3291, 2197, 0), (156, 100, 0), (436, 290, 0), (436, 290, 0), (4900, 3266, 0), (4010, 2673, 35), (205, 135, 0), (171, 107, 0), (266, 180, 0), (538, 359, 0)]
Episode:  14 / 20 Score:  31 epsilon:  0.009756714760036816 ação:  0 TempoEpisodio: 2024.4388031959534 Reward: 10
listaacao: [0, 0, 0, 0, 0, 1, 1, 0, 0, 1, 1, 1, 1, 0, 1, 1, 1, 1, 0, 0, 1, 0, 1, 0, 0, 0, 1, 1, 0, 0, 1, 0]
listaRecompensa: [0, 10, 10, 10, 10, 10, 10, 10, 10, 10, 10, 10, 10, -10, 10, 10, 10, 10, 10, 10, 10, 10, 10, 10, -10, 10, 10, 10, 10, 10, 10, 10]
Medias: [(0, 0, 0), (230, 150, 0), (288, 192, 0), (166, 110, 0), (380, 250, 0), (4711, 3140, 0), (3431, 2287, 51), (190, 123, 0), (443, 293, 0), (1785, 1188, 0), (2179, 1452, 31), (2310, 1541, 52), (1698, 1131, 36), (195, 132, 1), (3840, 2562, 0), (3823, 2551, 38), (4755, 3170, 42), (4176, 2786, 47), (225, 150, 0), (205, 137, 0), (3749, 2500, 0), (178, 113, 0), (4798, 3198, 38), (421, 284, 0), (245, 162, 3), (256, 170, 0), (4376, 2917, 0), (4238, 2828, 29), (226, 150, 0), (212, 138, 0), (4461, 2974, 0), (183, 117, 0)]
Episode:  15 / 20 Score:  31 epsilon:  0.009756714760036816 ação:  1 TempoEpisodio: 2024.430459022522 Reward: 10
listaacao: [0, 0, 0, 0, 0, 1, 1, 1, 1, 0, 0, 0, 0, 0, 1, 1, 1, 1, 0, 1, 0, 0, 1, 0, 1, 1, 0, 1, 1, 0, 1, 1]
listaRecompensa: [0, 10, 10, 10, -10, 10, 10, 10, 10, 10, 10, 10, 10, 10, 10, -10, 10, 10, 10, 10, -10, 10, 10, 10, 10, 10, 10, 10, 10, 10, 10, 10]
Medias: [(0, 0, 0), (271, 182, 0), (488, 326, 0), (352, 236, 0), (1052, 700, 0), (3072, 2047, 0), (1616, 1076, 52), (4150, 2766, 41), (2161, 1441, 45), (257, 170, 0), (202, 133, 0), (203, 132, 0), (221, 148, 0), (797, 528, 0), (4780, 3188, 0), (327, 217, 0), (4490, 2919, 50), (3965, 2644, 41), (423, 280, 0), (5507, 3672, 33), (432, 285, 8), (176, 109, 0), (4649, 3097, 0), (175, 118, 0), (4313, 2876, 53), (3687, 2459, 14), (197, 131, 0), (4786, 3191, 35), (439, 289, 1), (180, 118, 0), (4496, 2998, 1), (4222, 2813, 41)]
Episode:  16 / 20 Score:  31 epsilon:  0.009756714760036816 ação:  0 TempoEpisodio: 2022.8203976154327 Reward: 10
listaacao: [0, 1, 1, 0, 1, 1, 1, 1, 0, 0, 1, 1, 1, 0, 1, 1, 0, 1, 0, 0, 0, 0, 0, 0, 0, 0, 0, 0, 0, 0, 1, 0]
listaRecompensa: [0, 10, 10, -10, 10, 10, 10, 10, 10, 10, 10, -10, 10, 10, 10, 10, -10, 10, 10, 10, 10, 10, 10, 10, 10, 10, 10, 10, 10, 10, 10, 10]
Medias: [(0, 0, 0), (3715, 2476, 43), (663, 442, 32), (285, 190, 8), (1536, 1026, 0), (3853, 2567, 47), (4518, 3014, 44), (1271, 846, 46), (241, 159, 0), (185, 121, 0), (3986, 2660, 0), (452, 301, 0), (4362, 2909, 54), (196, 129, 0), (4050, 2701, 58), (4882, 3256, 39), (167, 108, 1), (3974, 2650, 51), (155, 99, 0), (197, 135, 0), (563, 374, 0), (244, 159, 0), (176, 118, 0), (602, 402, 0), (234, 154, 0), (157, 106, 0), (255, 133, 0), (209, 138, 0), (170, 109, 0), (205, 130, 0), (3633, 2422, 0), (199, 134, 0)]
Episode:  17 / 20 Score:  31 epsilon:  0.009756714760036816 ação:  0 TempoEpisodio: 2025.7024133205414 Reward: 10
listaacao: [0, 0, 1, 1, 1, 1, 1, 1, 1, 0, 0, 0, 0, 0, 0, 0, 0, 0, 1, 1, 1, 1, 1, 0, 1, 0, 1, 0, 0, 1, 0, 0]
listaRecompensa: [0, 10, 10, 10, 10, 10, 10, 10, 10, -10, 10, 10, 10, 10, 10, 10, 10, 10, 10, 10, 10, 10, 10, 10, 10, 10, 10, 10, 10, 10, -10, 10]
Medias: [(0, 0, 0), (432, 287, 0), (2233, 1489, 0), (3517, 2344, 40), (3453, 2301, 44), (4058, 2705, 43), (5373, 3581, 44), (1035, 686, 59), (3279, 2186, 50), (266, 177, 13), (172, 112, 0), (170, 109, 0), (280, 186, 0), (293, 192, 0), (424, 280, 0), (151, 100, 0), (178, 117, 0), (165, 111, 0), (5254, 3503, 0), (4663, 3109, 29), (4902, 3270, 46), (5045, 3363, 18), (5031, 3354, 45), (167, 111, 0), (4068, 2712, 41), (162, 108, 0), (176, 119, 1), (428, 284, 0), (300, 199, 0), (1370, 914, 0), (2990, 1991, 46), (274, 182, 0)]
Episode:  18 / 20 Score:  31 epsilon:  0.009756714760036816 ação:  0 TempoEpisodio: 2023.0038096904755 Reward: 10
listaacao: [0, 0, 0, 0, 1, 1, 0, 1, 1, 1, 0, 1, 0, 0, 0, 0, 1, 0, 0, 0, 0, 0, 0, 0, 0, 1, 0, 0, 0, 1, 0, 0]
listaRecompensa: [0, 10, 10, 10, 10, -10, 10, 10, 10, 10, 10, 10, 10, -10, 10, 10, 10, 10, -10, 10, 10, 10, 10, 10, 10, 10, 10, -10, 10, 10, -10, 10]
Medias: [(0, 0, 0), (217, 142, 0), (188, 123, 0), (160, 108, 0), (3472, 2315, 0), (525, 347, 0), (258, 172, 0), (3875, 2584, 59), (4278, 2853, 46), (4806, 3206, 14), (681, 454, 0), (4774, 3184, 44), (258, 171, 0), (295, 196, 1), (167, 113, 0), (167, 110, 0), (5029, 3354, 0), (308, 203, 0), (422, 278, 3), (402, 267, 0), (151, 104, 0), (282, 186, 0), (302, 198, 0), (169, 111, 0), (211, 135, 0), (4000, 2665, 0), (351, 232, 0), (330, 219, 3), (312, 206, 0), (2721, 1816, 0), (2033, 1355, 29), (224, 148, 0)]
Episode:  19 / 20 Score:  31 epsilon:  0.009756714760036816 ação:  1 TempoEpisodio: 2023.0024995803833 Reward: 10
listaacao: [0, 1, 1, 0, 0, 0, 0, 1, 0, 1, 0, 1, 0, 0, 0, 0, 0, 0, 0, 0, 0, 1, 0, 0, 0, 0, 1, 1, 1, 1, 1, 1]
listaRecompensa: [0, 10, -10, 10, 10, 10, 10, 10, 10, 10, 10, -10, 10, 10, 10, 10, 10, 10, 10, 10, 10, 10, 10, 10, 10, 10, 10, 10, 10, 10, 10, 10]
Medias: [(0, 0, 0), (3986, 2658, 0), (601, 399, 0), (246, 163, 0), (379, 249, 0), (228, 150, 0), (200, 133, 0), (3956, 2638, 0), (247, 165, 0), (4690, 3127, 53), (405, 272, 0), (417, 277, 0), (418, 277, 0), (304, 203, 0), (169, 106, 0), (222, 150, 0), (163, 110, 0), (291, 191, 0), (164, 106, 0), (257, 172, 0), (237, 160, 0), (3720, 2480, 0), (171, 113, 0), (301, 197, 0), (231, 155, 0), (178, 115, 0), (1276, 850, 0), (3480, 2321, 41), (1783, 1187, 44), (2486, 1657, 48), (924, 614, 31), (3711, 2476, 44)]
