Episode:  0 / 20 Score:  31 ação:  1 TempoEpisodio: 1944.5178754329681 Reward: -10
listaacao: [1, 0, 0, 0, 0, 0, 1, 0, 0, 0, 0, 0, 0, 1, 1, 0, 0, 1, 1, 0, 0, 1, 0, 0, 0, 1, 0, 0, 0, 0, 0, 1]
listaRecompensa: [0, -10, -10, 10, 10, -10, -10, 10, 10, 10, 10, 10, 10, -10, -10, 10, 10, 10, -10, 10, 10, -10, -10, 10, 10, 10, 10, 10, 10, 10, 10, -10]
Medias: [(4387, 2923, 16), (4643, 3096, 52), (243, 161, 0), (155, 100, 0), (4479, 2986, 0), (428, 285, 0), (182, 117, 0), (246, 165, 0), (449, 302, 0), (270, 178, 0), (419, 278, 0), (274, 181, 0), (188, 125, 0), (333, 219, 0), (341, 229, 0), (317, 213, 0), (5794, 3862, 0), (150, 98, 0), (226, 149, 0), (289, 191, 0), (494, 330, 0), (5050, 3367, 26), (199, 132, 0), (163, 109, 0), (4621, 3082, 0), (333, 221, 0), (187, 124, 0), (162, 101, 0), (247, 167, 0), (304, 203, 0), (365, 244, 0), (173, 118, 0)]
Episode:  1 / 20 Score:  31 ação:  0 TempoEpisodio: 1944.9864902496338 Reward: -10
listaacao: [1, 0, 1, 0, 0, 0, 1, 0, 0, 0, 0, 1, 0, 0, 0, 1, 1, 0, 1, 1, 1, 0, 1, 0, 1, 0, 0, 0, 1, 1, 1, 0]
listaRecompensa: [0, -10, -10, 10, -10, 10, -10, 10, -10, -10, 10, 10, -10, 10, 10, 10, -10, 10, -10, -10, -10, -10, -10, 10, -10, 10, -10, 10, -10, -10, -10, -10]
Medias: [(4320, 2881, 37), (258, 172, 0), (244, 161, 0), (376, 251, 25), (253, 165, 0), (187, 123, 0), (245, 162, 0), (5423, 3615, 55), (4204, 2803, 0), (281, 186, 0), (4432, 2954, 0), (4431, 2954, 32), (264, 179, 0), (162, 108, 0), (4954, 3304, 0), (187, 123, 0), (231, 158, 0), (213, 144, 0), (194, 127, 0), (305, 204, 0), (5310, 3540, 52), (232, 155, 0), (154, 97, 0), (184, 123, 0), (186, 127, 0), (4384, 2921, 51), (464, 310, 0), (209, 142, 0), (458, 305, 0), (213, 145, 0), (298, 198, 1), (227, 151, 0)]
Episode:  2 / 20 Score:  31 ação:  0 TempoEpisodio: 1945.4241104125977 Reward: -10
listaacao: [0, 0, 0, 0, 1, 0, 0, 0, 0, 0, 1, 0, 0, 0, 0, 0, 0, 0, 0, 1, 0, 1, 1, 1, 1, 0, 1, 0, 0, 0, 0, 0]
listaRecompensa: [0, 10, -10, -10, -10, 10, -10, -10, -10, 10, -10, 10, -10, -10, 10, 10, 10, 10, 10, -10, -10, 10, 10, -10, -10, 10, 10, -10, -10, -10, -10, -10]
Medias: [(284, 191, 0), (3763, 2510, 0), (4756, 3172, 0), (741, 491, 0), (192, 129, 0), (4018, 2677, 0), (3495, 2329, 0), (1416, 943, 0), (186, 122, 0), (222, 148, 0), (528, 348, 0), (3653, 2435, 0), (3824, 2550, 0), (771, 512, 0), (275, 184, 0), (265, 178, 0), (207, 134, 0), (452, 301, 0), (189, 125, 0), (2599, 1731, 50), (4853, 3237, 60), (1762, 1174, 35), (217, 140, 0), (190, 123, 0), (382, 251, 0), (271, 180, 1), (2098, 1397, 48), (2957, 1968, 53), (2512, 1676, 0), (2952, 1969, 0), (2514, 1676, 0), (1913, 1275, 0)]
Episode:  3 / 20 Score:  31 ação:  0 TempoEpisodio: 1944.6148207187653 Reward: 10
listaacao: [1, 0, 0, 1, 0, 0, 1, 0, 0, 0, 0, 1, 0, 0, 0, 0, 0, 0, 1, 0, 1, 1, 1, 1, 1, 0, 0, 1, 0, 0, 0, 0]
listaRecompensa: [0, -10, -10, -10, -10, -10, -10, -10, -10, -10, 10, 10, 10, -10, -10, 10, 10, 10, -10, -10, -10, -10, -10, -10, -10, -10, -10, -10, -10, -10, 10, 10]
Medias: [(4190, 2792, 52), (2957, 1970, 38), (236, 156, 0), (2081, 1387, 48), (3271, 2179, 31), (286, 190, 0), (1751, 1169, 43), (4400, 2932, 22), (3194, 2128, 0), (965, 641, 0), (3141, 2096, 0), (159, 102, 0), (1394, 928, 0), (3373, 2248, 0), (174, 117, 0), (204, 133, 0), (193, 129, 0), (183, 119, 0), (204, 133, 1), (172, 115, 0), (164, 107, 0), (248, 163, 0), (652, 436, 0), (177, 117, 0), (3957, 2637, 42), (280, 186, 5), (340, 228, 0), (3622, 2415, 47), (342, 228, 1), (174, 120, 0), (398, 262, 0), (174, 110, 0)]
Episode:  4 / 20 Score:  31 ação:  0 TempoEpisodio: 1944.773025751114 Reward: -10
listaacao: [0, 1, 0, 1, 0, 1, 0, 1, 0, 0, 0, 1, 0, 1, 1, 1, 1, 0, 0, 0, 0, 0, 1, 1, 0, 0, 0, 0, 0, 1, 0, 0]
listaRecompensa: [0, -10, -10, -10, 10, 10, 10, -10, 10, -10, 10, -10, 10, -10, 10, 10, -10, 10, -10, 10, 10, 10, 10, -10, 10, 10, 10, 10, 10, -10, 10, -10]
Medias: [(258, 173, 0), (5888, 3926, 21), (154, 101, 0), (423, 280, 0), (5231, 3488, 54), (568, 378, 0), (198, 133, 0), (688, 461, 0), (5197, 3465, 30), (159, 104, 0), (442, 295, 0), (175, 115, 0), (273, 183, 0), (3276, 2184, 42), (3579, 2385, 43), (295, 193, 0), (173, 113, 0), (3751, 2501, 28), (437, 292, 0), (160, 100, 0), (499, 328, 0), (4223, 2817, 0), (286, 190, 0), (165, 104, 0), (377, 251, 0), (404, 268, 0), (185, 121, 0), (209, 137, 0), (272, 180, 0), (254, 168, 0), (4705, 3137, 44), (187, 118, 0)]
Episode:  5 / 20 Score:  31 ação:  1 TempoEpisodio: 1943.9502968788147 Reward: 10
listaacao: [0, 0, 0, 0, 0, 0, 1, 0, 0, 0, 1, 0, 0, 0, 0, 0, 1, 0, 0, 1, 1, 0, 0, 1, 0, 0, 0, 0, 1, 0, 1, 1]
listaRecompensa: [0, 10, 10, 10, 10, 10, -10, 10, 10, 10, 10, -10, 10, 10, 10, 10, -10, -10, 10, -10, -10, 10, -10, -10, -10, 10, -10, 10, -10, -10, -10, 10]
Medias: [(224, 153, 0), (284, 191, 0), (273, 181, 0), (331, 220, 0), (170, 108, 0), (178, 114, 0), (170, 107, 0), (283, 146, 0), (177, 114, 0), (4391, 2926, 0), (552, 368, 1), (399, 269, 0), (270, 181, 0), (300, 198, 0), (193, 129, 0), (191, 127, 0), (4957, 3303, 44), (427, 282, 0), (169, 110, 0), (442, 297, 0), (210, 137, 0), (5564, 3710, 53), (162, 101, 0), (4889, 3260, 21), (360, 238, 0), (4382, 2922, 0), (192, 129, 0), (327, 216, 0), (4335, 2889, 24), (244, 165, 0), (3941, 2628, 46), (255, 168, 0)]
Episode:  6 / 20 Score:  31 ação:  0 TempoEpisodio: 1944.7113070487976 Reward: 10
listaacao: [0, 0, 0, 1, 1, 0, 1, 0, 1, 0, 0, 0, 1, 1, 1, 0, 1, 0, 0, 0, 0, 0, 0, 0, 0, 0, 0, 0, 0, 1, 1, 0]
listaRecompensa: [0, -10, -10, 10, -10, 10, 10, -10, 10, 10, 10, 10, -10, -10, -10, 10, -10, -10, -10, 10, 10, -10, 10, 10, 10, -10, 10, 10, 10, -10, -10, 10]
Medias: [(4384, 2923, 50), (4918, 3278, 0), (4855, 3238, 0), (286, 189, 0), (215, 143, 0), (272, 178, 6), (5702, 3803, 38), (4823, 3215, 41), (198, 134, 0), (180, 120, 0), (209, 140, 0), (432, 289, 0), (195, 130, 0), (182, 119, 0), (181, 119, 0), (200, 136, 0), (280, 188, 8), (271, 182, 2), (244, 162, 0), (645, 429, 0), (4260, 2841, 0), (154, 99, 0), (460, 306, 0), (180, 119, 0), (4146, 2765, 0), (496, 332, 0), (223, 148, 0), (370, 247, 0), (212, 140, 0), (203, 133, 0), (293, 195, 0), (251, 167, 0)]
Episode:  7 / 20 Score:  31 ação:  0 TempoEpisodio: 1944.2849297523499 Reward: 10
listaacao: [0, 0, 0, 0, 0, 0, 0, 0, 0, 1, 0, 0, 0, 0, 0, 0, 1, 0, 0, 0, 0, 1, 0, 0, 0, 0, 0, 0, 1, 0, 0, 0]
listaRecompensa: [0, -10, 10, 10, 10, 10, 10, 10, 10, -10, 10, 10, 10, 10, -10, -10, -10, 10, 10, 10, 10, -10, 10, -10, -10, -10, -10, 10, -10, -10, -10, 10]
Medias: [(3702, 2468, 0), (670, 444, 0), (437, 290, 0), (161, 103, 0), (308, 204, 0), (209, 139, 0), (235, 154, 0), (184, 119, 0), (179, 118, 0), (280, 184, 0), (549, 368, 0), (301, 203, 0), (206, 137, 0), (3055, 2036, 0), (2082, 1385, 0), (681, 455, 0), (262, 174, 0), (229, 149, 0), (212, 139, 0), (201, 134, 0), (171, 111, 0), (372, 248, 0), (1719, 1144, 0), (4652, 3100, 0), (4147, 2765, 0), (2091, 1392, 0), (313, 207, 0), (425, 285, 0), (1781, 1188, 46), (2733, 1822, 29), (268, 173, 0), (1592, 1062, 0)]
Episode:  8 / 20 Score:  31 ação:  0 TempoEpisodio: 1945.0872547626495 Reward: -10
listaacao: [0, 0, 0, 0, 0, 1, 1, 1, 0, 0, 1, 1, 0, 0, 0, 0, 0, 1, 0, 0, 0, 1, 0, 0, 0, 0, 1, 0, 0, 1, 1, 0]
listaRecompensa: [0, -10, -10, -10, -10, -10, 10, 10, -10, -10, -10, -10, 10, 10, 10, 10, 10, -10, 10, 10, 10, 10, -10, -10, -10, 10, -10, 10, -10, 10, 10, -10]
Medias: [(3516, 2343, 0), (2961, 1973, 0), (1534, 1020, 0), (3018, 2011, 0), (204, 138, 0), (1671, 1112, 56), (4743, 3164, 50), (4934, 3291, 46), (2585, 1721, 20), (186, 121, 0), (251, 165, 0), (167, 114, 0), (242, 161, 0), (456, 304, 0), (306, 201, 0), (260, 171, 0), (174, 118, 0), (345, 231, 0), (225, 151, 0), (725, 483, 0), (3772, 2514, 0), (4667, 3110, 41), (4667, 3110, 41), (4687, 3125, 53), (334, 220, 0), (194, 126, 0), (158, 106, 0), (198, 130, 1), (5156, 3438, 0), (4653, 3103, 44), (256, 172, 9), (5236, 3491, 40)]
Episode:  9 / 20 Score:  31 ação:  1 TempoEpisodio: 1944.277485370636 Reward: 10
listaacao: [1, 0, 0, 1, 1, 0, 1, 1, 1, 1, 1, 0, 0, 1, 1, 0, 0, 0, 0, 1, 0, 0, 0, 0, 0, 0, 0, 0, 0, 0, 0, 1]
listaRecompensa: [0, 10, 10, -10, -10, 10, -10, -10, -10, -10, -10, 10, 10, 10, 10, -10, -10, 10, 10, -10, -10, 10, -10, -10, 10, 10, 10, -10, 10, 10, 10, 10]
Medias: [(170, 110, 0), (469, 312, 0), (164, 107, 0), (183, 120, 0), (634, 420, 0), (176, 111, 0), (172, 114, 0), (185, 116, 0), (254, 165, 0), (336, 223, 0), (244, 161, 0), (432, 288, 0), (3732, 2489, 0), (4841, 3225, 36), (208, 136, 1), (279, 187, 18), (178, 115, 0), (366, 242, 0), (227, 152, 0), (535, 356, 1), (214, 140, 0), (4486, 2991, 0), (4555, 3037, 0), (309, 204, 0), (208, 138, 0), (176, 117, 0), (5316, 3544, 0), (309, 205, 0), (166, 111, 0), (286, 191, 0), (3995, 2664, 0), (362, 239, 0)]
Episode:  10 / 20 Score:  31 ação:  1 TempoEpisodio: 1945.0332577228546 Reward: -10
listaacao: [1, 0, 1, 0, 1, 0, 0, 0, 0, 1, 0, 0, 0, 0, 1, 1, 0, 1, 0, 0, 1, 0, 0, 1, 0, 1, 0, 0, 0, 1, 0, 1]
listaRecompensa: [0, -10, 10, 10, -10, 10, 10, 10, 10, -10, 10, 10, 10, -10, 10, -10, 10, -10, 10, -10, -10, -10, 10, -10, 10, 10, 10, -10, 10, -10, 10, -10]
Medias: [(308, 204, 4), (193, 131, 1), (271, 180, 0), (440, 294, 0), (279, 185, 0), (460, 307, 0), (171, 110, 0), (201, 132, 0), (257, 171, 0), (242, 158, 0), (290, 195, 0), (165, 108, 0), (4362, 2908, 0), (5290, 3528, 0), (222, 144, 0), (178, 114, 0), (308, 206, 0), (218, 147, 0), (257, 171, 4), (262, 177, 0), (4780, 3186, 47), (173, 111, 0), (366, 244, 0), (237, 154, 0), (463, 305, 57), (224, 149, 0), (4831, 3221, 52), (381, 255, 0), (280, 189, 0), (222, 146, 0), (383, 254, 0), (309, 206, 0)]
Episode:  11 / 20 Score:  31 ação:  1 TempoEpisodio: 1945.4795274734497 Reward: -10
listaacao: [0, 1, 0, 0, 1, 0, 0, 1, 1, 0, 0, 1, 0, 0, 0, 0, 0, 0, 1, 0, 1, 1, 0, 0, 0, 0, 1, 0, 1, 0, 1, 1]
listaRecompensa: [0, -10, 10, 10, 10, -10, -10, -10, -10, -10, 10, -10, -10, 10, -10, 10, -10, 10, -10, 10, 10, -10, 10, -10, 10, 10, -10, 10, 10, 10, -10, -10]
Medias: [(337, 226, 0), (167, 109, 0), (299, 199, 0), (4191, 2795, 0), (4864, 3201, 33), (3334, 2224, 53), (452, 301, 0), (238, 158, 0), (360, 239, 3), (540, 359, 0), (187, 124, 0), (315, 211, 3), (316, 210, 0), (4245, 2830, 0), (162, 103, 0), (3769, 2513, 0), (355, 234, 0), (215, 142, 0), (531, 355, 0), (4274, 2848, 30), (437, 294, 0), (292, 197, 0), (3336, 2224, 53), (611, 407, 0), (351, 236, 0), (233, 157, 0), (220, 143, 0), (4318, 2878, 0), (813, 542, 0), (210, 137, 0), (417, 271, 0), (225, 146, 0)]
Episode:  12 / 20 Score:  31 ação:  1 TempoEpisodio: 1944.6146421432495 Reward: -10
listaacao: [0, 1, 0, 1, 1, 0, 0, 0, 1, 0, 0, 0, 0, 1, 0, 0, 0, 0, 0, 0, 1, 0, 0, 1, 0, 1, 0, 0, 0, 0, 0, 1]
listaRecompensa: [0, -10, 10, 10, -10, -10, -10, 10, -10, -10, 10, 10, 10, 10, -10, 10, 10, -10, -10, 10, 10, -10, 10, -10, 10, -10, 10, -10, -10, 10, 10, -10]
Medias: [(257, 172, 0), (297, 200, 0), (421, 279, 2), (299, 196, 0), (444, 297, 2), (221, 145, 3), (307, 203, 0), (204, 107, 0), (161, 107, 1), (167, 109, 0), (186, 123, 0), (200, 132, 0), (2954, 1968, 0), (1855, 1237, 42), (198, 130, 0), (233, 154, 0), (3172, 2116, 0), (1917, 1278, 0), (191, 125, 0), (2597, 1729, 0), (2137, 1430, 45), (206, 135, 0), (310, 206, 0), (355, 234, 0), (280, 186, 0), (206, 132, 0), (2182, 1452, 0), (2871, 1914, 0), (488, 328, 0), (201, 132, 0), (177, 114, 0), (647, 431, 0)]
Episode:  13 / 20 Score:  31 ação:  0 TempoEpisodio: 1944.5558121204376 Reward: 10
listaacao: [0, 0, 0, 0, 1, 0, 1, 0, 0, 0, 0, 0, 0, 0, 1, 0, 0, 0, 0, 1, 0, 0, 1, 0, 0, 0, 0, 0, 0, 0, 1, 0]
listaRecompensa: [0, 10, 10, 10, -10, 10, -10, 10, -10, -10, -10, -10, 10, 10, -10, 10, -10, 10, 10, -10, 10, 10, -10, -10, -10, 10, -10, 10, 10, 10, -10, 10]
Medias: [(259, 171, 0), (235, 156, 0), (186, 116, 0), (398, 263, 0), (278, 180, 0), (204, 132, 0), (246, 164, 0), (1926, 1284, 0), (3715, 2476, 0), (1319, 876, 0), (3196, 2132, 0), (242, 161, 0), (270, 180, 0), (225, 147, 0), (338, 225, 0), (245, 161, 4), (361, 240, 0), (235, 158, 0), (167, 108, 0), (285, 188, 0), (156, 100, 0), (556, 368, 0), (3339, 2224, 47), (257, 169, 2), (580, 389, 0), (4972, 3314, 0), (171, 110, 0), (344, 229, 0), (180, 118, 0), (266, 179, 0), (339, 223, 0), (202, 133, 1)]
Episode:  14 / 20 Score:  31 ação:  0 TempoEpisodio: 1944.9898834228516 Reward: 10
listaacao: [0, 1, 0, 1, 0, 1, 0, 0, 0, 1, 0, 0, 1, 0, 0, 1, 1, 0, 0, 1, 0, 0, 0, 0, 1, 0, 0, 0, 0, 0, 0, 0]
listaRecompensa: [0, 10, 10, -10, -10, -10, 10, -10, -10, 10, 10, 10, -10, 10, 10, -10, -10, 10, -10, -10, 10, -10, 10, 10, 10, -10, -10, -10, 10, 10, 10, 10]
Medias: [(4402, 2934, 0), (195, 129, 0), (206, 137, 0), (5007, 3338, 47), (225, 149, 0), (160, 101, 0), (301, 202, 13), (3694, 2464, 0), (5018, 3345, 0), (182, 118, 0), (285, 189, 0), (244, 159, 0), (157, 106, 0), (270, 179, 0), (733, 487, 0), (184, 119, 0), (186, 120, 0), (197, 132, 1), (193, 126, 0), (155, 101, 0), (3822, 2547, 51), (270, 179, 0), (270, 178, 0), (4766, 3178, 0), (363, 240, 10), (374, 247, 1), (4033, 2690, 0), (271, 178, 0), (400, 264, 0), (173, 111, 0), (397, 263, 0), (209, 136, 0)]
Episode:  15 / 20 Score:  31 ação:  0 TempoEpisodio: 1944.7451994419098 Reward: 10
listaacao: [1, 0, 1, 0, 0, 1, 0, 0, 1, 1, 1, 0, 0, 0, 1, 0, 0, 0, 0, 0, 1, 0, 0, 1, 0, 0, 0, 0, 1, 0, 0, 0]
listaRecompensa: [0, 10, 10, 10, 10, -10, -10, -10, -10, 10, -10, -10, -10, 10, -10, 10, 10, 10, 10, -10, 10, 10, 10, -10, 10, 10, 10, -10, -10, -10, 10, 10]
Medias: [(256, 169, 0), (5225, 3483, 52), (261, 175, 0), (350, 236, 0), (204, 134, 0), (5067, 3378, 46), (258, 173, 2), (229, 151, 0), (304, 202, 4), (283, 187, 0), (4552, 3036, 52), (4313, 2873, 41), (283, 191, 0), (304, 200, 0), (429, 286, 0), (259, 169, 0), (167, 108, 0), (333, 219, 0), (4560, 2861, 0), (4932, 3290, 0), (174, 112, 0), (179, 122, 0), (260, 172, 0), (603, 403, 0), (257, 169, 0), (266, 179, 0), (5250, 3500, 0), (366, 240, 0), (227, 151, 2), (151, 95, 0), (144, 94, 0), (275, 183, 0)]
Episode:  16 / 20 Score:  31 ação:  0 TempoEpisodio: 1944.432899236679 Reward: -10
listaacao: [0, 1, 0, 0, 1, 0, 0, 0, 0, 1, 0, 1, 1, 0, 0, 0, 0, 0, 1, 0, 0, 1, 1, 1, 1, 0, 0, 0, 0, 0, 1, 0]
listaRecompensa: [0, 10, 10, 10, -10, 10, 10, 10, 10, -10, 10, 10, -10, -10, 10, 10, 10, 10, -10, 10, 10, -10, -10, -10, -10, -10, 10, 10, 10, 10, -10, -10]
Medias: [(5122, 3416, 0), (177, 115, 0), (589, 393, 0), (252, 166, 0), (289, 191, 0), (181, 119, 0), (315, 209, 0), (313, 210, 0), (305, 199, 0), (164, 106, 0), (3882, 2588, 44), (307, 206, 0), (5416, 3610, 53), (234, 155, 0), (315, 198, 0), (174, 120, 0), (258, 170, 0), (282, 191, 0), (176, 113, 0), (168, 110, 0), (382, 256, 0), (480, 321, 0), (196, 131, 0), (181, 121, 0), (4297, 2866, 41), (252, 167, 0), (184, 121, 0), (171, 113, 0), (229, 153, 0), (238, 161, 0), (4076, 2717, 51), (412, 271, 32)]
Episode:  17 / 20 Score:  31 ação:  0 TempoEpisodio: 1945.5764734745026 Reward: 10
listaacao: [1, 1, 1, 0, 0, 1, 1, 0, 0, 1, 0, 1, 0, 1, 0, 0, 0, 1, 1, 1, 1, 0, 0, 0, 1, 1, 0, 1, 0, 0, 0, 0]
listaRecompensa: [0, -10, 10, 10, 10, 10, 10, -10, -10, 10, -10, -10, 10, -10, -10, -10, 10, -10, -10, -10, 10, -10, -10, 10, -10, -10, -10, 10, -10, -10, 10, 10]
Medias: [(239, 160, 0), (194, 128, 7), (302, 199, 0), (370, 244, 0), (2837, 1892, 0), (1072, 714, 15), (3618, 2412, 53), (1092, 728, 36), (3616, 2410, 0), (1322, 883, 41), (208, 139, 0), (235, 157, 0), (297, 198, 0), (2882, 1921, 45), (1626, 1082, 35), (198, 130, 0), (171, 111, 0), (203, 132, 0), (241, 159, 0), (737, 483, 35), (4615, 3076, 47), (2124, 1416, 56), (250, 165, 0), (186, 120, 0), (246, 163, 0), (2294, 1529, 44), (4342, 2894, 58), (3716, 2477, 51), (2213, 1476, 20), (258, 172, 0), (298, 199, 0), (210, 139, 0)]
Episode:  18 / 20 Score:  31 ação:  0 TempoEpisodio: 1945.2581181526184 Reward: 10
listaacao: [1, 0, 1, 0, 1, 1, 1, 0, 0, 1, 1, 1, 0, 0, 0, 1, 0, 0, 0, 1, 0, 0, 0, 1, 0, 0, 1, 1, 0, 0, 1, 0]
listaRecompensa: [0, 10, -10, 10, 10, 10, 10, -10, 10, -10, -10, 10, -10, -10, 10, 10, -10, -10, -10, 10, -10, 10, 10, -10, -10, -10, 10, -10, 10, 10, -10, 10]
Medias: [(221, 147, 0), (357, 236, 0), (282, 189, 0), (369, 243, 3), (1395, 929, 46), (4509, 3006, 41), (3832, 2554, 48), (425, 280, 0), (326, 217, 0), (456, 304, 0), (1779, 1187, 51), (3817, 2547, 54), (407, 274, 8), (374, 252, 0), (1199, 800, 0), (4139, 2759, 51), (2924, 1949, 54), (1372, 912, 0), (4691, 3127, 0), (3538, 2356, 50), (172, 110, 0), (364, 243, 0), (247, 162, 0), (794, 524, 55), (4150, 2767, 40), (4245, 2831, 0), (213, 136, 0), (348, 233, 0), (313, 209, 0), (219, 144, 0), (302, 200, 0), (221, 147, 10)]
Episode:  19 / 20 Score:  31 ação:  0 TempoEpisodio: 1945.4749040603638 Reward: -10
listaacao: [0, 0, 0, 1, 0, 0, 0, 0, 0, 0, 0, 0, 0, 1, 0, 1, 1, 0, 0, 0, 0, 0, 1, 0, 0, 0, 0, 1, 0, 0, 1, 0]
listaRecompensa: [0, 10, -10, 10, -10, 10, 10, 10, 10, -10, -10, -10, 10, -10, 10, -10, -10, 10, -10, -10, 10, -10, -10, -10, 10, -10, -10, -10, 10, 10, -10, -10]
Medias: [(292, 195, 0), (4566, 3044, 0), (4254, 2836, 0), (4720, 3147, 48), (781, 518, 0), (178, 115, 0), (479, 317, 0), (198, 132, 0), (4137, 2757, 0), (5131, 3421, 0), (5150, 3434, 0), (198, 132, 0), (303, 201, 0), (162, 106, 0), (309, 208, 0), (260, 170, 0), (190, 126, 0), (5447, 3631, 51), (3350, 2234, 0), (320, 213, 0), (4519, 3013, 0), (191, 124, 0), (284, 187, 1), (384, 256, 0), (5077, 3385, 0), (3469, 2315, 0), (170, 106, 0), (248, 166, 0), (171, 114, 0), (179, 114, 0), (4343, 2895, 51), (215, 145, 0)]
