Episode:  0 / 20 Score:  63 epsilon:  0.23176254155320164 ação:  1 TempoEpisodio: 4004.5621073246 Reward: 10
listaacao: [1, 1, 1, 0, 0, 1, 0, 0, 1, 1, 0, 1, 1, 0, 0, 0, 0, 1, 0, 1, 0, 0, 1, 0, 1, 1, 1, 1, 1, 1, 0, 0, 1, 1, 1, 1, 0, 0, 0, 1, 1, 0, 1, 1, 0, 1, 1, 1, 0, 1, 1, 0, 0, 1, 1, 0, 0, 0, 1, 1, 1, 1, 0, 1]
listaRecompensa: [0, -10, 10, -10, 10, -10, 10, 10, 10, -10, 10, 10, 10, -10, 10, -10, 10, -10, -10, -10, -10, 10, -10, 10, 10, -10, -10, -10, 10, 10, -10, 10, 10, 10, -10, 10, -10, -10, 10, 10, 10, -10, 10, 10, 10, -10, 10, -10, 10, 10, 10, 10, 10, 10, 10, -10, 10, 10, -10, 10, 10, 10, -10, 10]
Medias: [(0,0,0), (194,130,0), (4737,3158, 34), (273, 180, 1), (189, 126, 0), (185, 122, 0), (223, 149, 0), (181, 115, 0), (3657, 2438, 0), (295, 196, 0), (191, 123, 0), (4957, 3305, 41), (4062, 2709, 50), (4946, 3297, 47), (227, 154, 0), (4417, 2945, 0), (311, 206, 0), (310, 211, 0), (4919, 3280, 17), (164, 110, 0), (4068, 2712, 50), (264, 175, 0), (180, 119, 0), (175, 114, 0), (405, 274, 1), (345, 229, 0), (178, 117, 0), (167, 111, 0), (918, 609, 54), (3950, 2635, 52), (2822, 1882, 22), (241, 161, 0), (2233, 1486, 0), (2175, 1452, 46), (315, 209, 0), (365, 245, 3), (4027, 2684, 21), (703, 469, 44), (163, 108, 0), (3318, 2213, 0), (3232, 2157, 37), (168, 110, 2), (314, 212, 1), (4666, 3112, 56), (180, 118, 0), (264, 177, 0), (4435, 2957, 33), (317, 207, 0), (216, 146, 0), (224, 147, 4), (4008, 2674, 43), (410, 271, 0), (233, 156, 0), (4702, 3135, 0), (4516, 3010, 30), (224, 148, 2), (177, 115, 0), (320, 212, 0), (215, 143, 0), (1304, 868, 47), (3539, 2360, 52), (353, 235, 2), (205, 135, 10), (2483, 1657, 0)]
Episode:  1 / 20 Score:  63 epsilon:  0.03299394437021773 ação:  1 TempoEpisodio: 4045.2660763263702 Reward: 10
listaacao: [1, 1, 0, 1, 0, 1, 1, 0, 1, 0, 0, 0, 0, 0, 1, 1, 1, 0, 0, 0, 0, 1, 0, 1, 1, 0, 1, 0, 1, 0, 0, 0, 0, 1, 0, 0, 1, 0, 0, 0, 0, 0, 0, 0, 0, 1, 0, 0, 0, 1, 0, 0, 1, 1, 0, 0, 0, 0, 1, 0, 0, 1, 1, 1]
listaRecompensa: [0, 10, -10, -10, -10, 10, -10, 10, -10, 10, -10, 10, 10, 10, -10, -10, -10, 10, -10, 10, 10, -10, -10, -10, 10, 10, 10, -10, 10, -10, 10, 10, 10, -10, 10, 10, 10, 10, 10, 10, 10, 10, 10, 10, 10, -10, 10, 10, 10, 10, -10, 10, 10, 10, -10, 10, 10, 10, 10, -10, 10, -10, -10, 10]
Medias: [(0, 0, 0), (4487, 2995, 46), (1141, 761, 35), (252, 166, 0), (3384, 2255, 31), (3288, 2193, 0), (414, 275, 0), (328, 216, 0), (255, 155, 0), (199, 132, 0), (4852, 3236, 52), (330, 215, 0), (228, 154, 0), (187, 122, 0), (277, 185, 0), (236, 157, 0), (211, 139, 0), (192, 129, 0), (3234, 2156, 13), (166, 107, 0), (367, 247, 0), (248, 163, 0), (4229, 2819, 15), (472, 315, 0), (3202, 2135, 20), (301, 197, 0), (1244, 830, 1), (3045, 2031, 42), (2267, 1509, 0), (1395, 930, 17), (174, 117, 0), (165, 107, 0), (212, 140, 0), (258, 171, 0), (393, 259, 0), (248, 164, 0), (4353, 2902, 0), (159, 103, 0), (263, 172, 0), (181, 122, 0), (267, 176, 0), (212, 140, 0), (171, 112, 0), (296, 196, 0), (222, 150, 0), (259, 173, 0), (214, 137, 0), (286, 189, 0), (203, 135, 0), (5008, 3338, 0), (5104, 3404, 56), (216, 148, 0), (2925, 1952, 0), (4355, 2904, 25), (515, 344, 11), (347, 233, 0), (319, 207, 0), (227, 148, 0), (1702, 1139, 0), (1317, 876, 28), (288, 191, 0), (184, 121, 0), (170, 112, 0), (264, 171, 1)]
Episode:  2 / 20 Score:  63 epsilon:  0.009756714760036816 ação:  0 TempoEpisodio: 4040.3125126361847 Reward: 10
listaacao: [0, 1, 1, 1, 0, 1, 1, 0, 1, 0, 0, 0, 0, 0, 0, 1, 0, 1, 0, 0, 0, 0, 1, 1, 0, 1, 1, 1, 1, 0, 0, 0, 0, 0, 0, 1, 0, 0, 0, 0, 0, 0, 0, 0, 0, 0, 1, 0, 0, 0, 1, 0, 0, 0, 0, 0, 0, 0, 1, 0, 0, 0, 1, 0]
listaRecompensa: [0, 10, 10, -10, 10, -10, 10, -10, -10, 10, 10, 10, 10, 10, 10, 10, 10, -10, 10, 10, 10, 10, -10, 10, -10, 10, 10, 10, 10, -10, 10, 10, 10, 10, 10, 10, 10, 10, 10, 10, 10, 10, 10, 10, 10, 10, 10, 10, 10, 10, 10, 10, 10, -10, -10, 10, 10, 10, -10, 10, 10, 10, 10, 10]
Medias: [(0, 0, 0), (5190, 3459, 31), (4782, 3189, 29), (255, 166, 0), (164, 109, 0), (114, 67, 0), (4698, 3133, 25), (266, 176, 6), (722, 484, 0), (160, 105, 0), (156, 103, 0), (263, 176, 0), (188, 126, 0), (302, 200, 0), (176, 118, 0), (4365, 2911, 0), (272, 180, 0), (279, 185, 0), (238, 157, 0), (599, 396, 0), (170, 111, 0), (246, 164, 0), (354, 237, 0), (230, 152, 1), (470, 312, 3), (2017, 1344, 4), (4177, 2785, 40), (1966, 1311, 39), (3512, 2342, 55), (1042, 692, 8), (182, 119, 0), (319, 210, 0), (328, 219, 0), (363, 240, 0), (190, 110, 0), (4517, 3012, 0), (187, 124, 0), (495, 329, 0), (166, 108, 0), (426, 282, 0), (180, 120, 0), (230, 154, 0), (205, 137, 0), (206, 137, 0), (214, 144, 0), (306, 205, 0), (5054, 3371, 0), (195, 130, 0), (157, 102, 0), (170, 107, 0), (4439, 2960, 0), (258, 171, 0), (240, 159, 0), (4115, 2742, 0), (2866, 1909, 0), (255, 169, 0), (530, 351, 0), (327, 219, 0), (446, 296, 0), (208, 138, 0), (300, 200, 0), (294, 196, 0), (4108, 2739, 0), (436, 291, 0)]
Episode:  3 / 20 Score:  63 epsilon:  0.009756714760036816 ação:  0 TempoEpisodio: 4045.055397748947 Reward: 10
listaacao: [0, 1, 0, 0, 0, 0, 0, 0, 0, 0, 0, 0, 0, 0, 0, 0, 0, 1, 0, 0, 0, 0, 0, 0, 0, 0, 0, 1, 0, 1, 0, 0, 0, 0, 0, 0, 0, 1, 0, 0, 0, 0, 0, 0, 1, 1, 1, 1, 0, 0, 0, 0, 0, 0, 1, 1, 0, 1, 0, 1, 0, 0, 1, 0]
listaRecompensa: [0, 10, 10, 10, 10, 10, 10, 10, 10, 10, 10, 10, 10, 10, 10, 10, 10, -10, 10, 10, 10, 10, 10, 10, 10, -10, -10, 10, 10, -10, 10, -10, 10, 10, 10, 10, 10, 10, 10, 10, 10, 10, 10, 10, 10, 10, 10, 10, 10, 10, 10, 10, 10, 10, 10, 10, 10, 10, 10, 10, 10, 10, 10, 10]
Medias: [(0, 0, 0), (3791, 2527, 0), (532, 355, 0), (178, 119, 0), (230, 152, 0), (178, 118, 0), (228, 149, 0), (158, 100, 0), (239, 161, 0), (238, 160, 0), (419, 279, 0), (235, 155, 0), (229, 155, 0), (359, 240, 0), (190, 124, 0), (239, 161, 0), (180, 118, 0), (225, 149, 0), (240, 158, 0), (347, 229, 0), (258, 170, 0), (246, 161, 0), (472, 313, 0), (337, 224, 0), (214, 143, 0), (1981, 1322, 0), (3333, 2223, 0), (4670, 3115, 0), (380, 252, 0), (230, 153, 0), (317, 211, 0), (284, 192, 1), (172, 105, 0), (431, 290, 0), (228, 151, 0), (168, 105, 0), (154, 103, 0), (4953, 3302, 0), (479, 320, 0), (264, 172, 0), (179, 120, 0), (405, 271, 0), (228, 153, 0), (106, 66, 0), (3827, 2466, 0), (4498, 2998, 20), (3804, 2535, 43), (3515, 2345, 51), (346, 229, 0), (159, 102, 0), (159, 106, 0), (397, 261, 0), (228, 152, 0), (185, 121, 0), (3315, 2209, 0), (1440, 957, 41), (176, 114, 0), (4014, 2676, 0), (465, 306, 0), (4394, 2930, 0), (209, 140, 0), (172, 112, 0), (5581, 3721, 0), (187, 122, 0)]
Episode:  4 / 20 Score:  63 epsilon:  0.009756714760036816 ação:  0 TempoEpisodio: 4041.743580341339 Reward: 10
listaacao: [1, 0, 0, 0, 0, 0, 0, 1, 0, 0, 1, 1, 0, 0, 0, 1, 0, 0, 0, 1, 0, 0, 0, 0, 0, 0, 0, 1, 0, 1, 1, 0, 0, 1, 0, 1, 1, 1, 0, 0, 1, 0, 0, 0, 0, 0, 0, 0, 0, 1, 1, 1, 0, 0, 0, 0, 0, 0, 1, 0, 0, 0, 0, 0]
listaRecompensa: [0, 10, -10, 10, 10, 10, 10, 10, -10, 10, 10, 10, 10, 10, 10, -10, -10, 10, 10, 10, -10, -10, 10, 10, 10, 10, 10, 10, 10, -10, 10, -10, 10, 10, 10, 10, -10, 10, 10, 10, 10, 10, 10, -10, 10, 10, 10, 10, 10, 10, 10, 10, -10, 10, 10, 10, 10, 10, -10, -10, -10, 10, 10, 10]
Medias: [(0, 0, 0), (246, 165, 0), (4454, 2970, 55), (232, 155, 0), (164, 105, 0), (205, 135, 0), (203, 133, 0), (5534, 3689, 0), (360, 239, 7), (267, 177, 0), (4443, 2943, 0), (4830, 3219, 28), (244, 160, 0), (271, 179, 0), (331, 220, 0), (741, 491, 0), (2292, 1527, 19), (248, 165, 0), (192, 127, 0), (1919, 1280, 0), (1121, 748, 40), (201, 135, 1), (178, 113, 0), (169, 108, 0), (229, 150, 0), (169, 111, 0), (195, 128, 0), (4025, 2684, 0), (179, 116, 0), (159, 103, 0), (4316, 2878, 48), (223, 147, 4), (241, 159, 0), (4546, 3030, 0), (175, 117, 0), (5053, 3366, 51), (161, 106, 0), (3684, 2456, 44), (594, 397, 0), (257, 170, 0), (5453, 3635, 0), (411, 273, 0), (195, 128, 0), (4139, 2760, 0), (237, 159, 0), (279, 184, 0), (310, 205, 0), (294, 196, 0), (222, 145, 0), (2086, 1391, 0), (4286, 2858, 20), (1710, 1139, 47), (390, 260, 7), (249, 164, 0), (259, 170, 0), (188, 128, 0), (162, 106, 0), (152, 98, 0), (177, 120, 0), (343, 228, 7), (163, 109, 3), (202, 132, 0), (183, 120, 0), (230, 154, 0)]
Episode:  5 / 20 Score:  63 epsilon:  0.009756714760036816 ação:  0 TempoEpisodio: 4045.337559223175 Reward: 10
listaacao: [1, 0, 1, 1, 1, 1, 0, 1, 1, 0, 0, 0, 1, 1, 0, 1, 0, 0, 0, 0, 1, 0, 0, 0, 0, 0, 0, 0, 1, 0, 0, 0, 1, 0, 0, 0, 0, 1, 0, 0, 1, 1, 0, 0, 0, 0, 1, 0, 0, 0, 0, 0, 0, 0, 1, 0, 0, 0, 0, 0, 0, 0, 0, 0]
listaRecompensa: [0, 10, 10, 10, 10, -10, 10, 10, 10, -10, 10, 10, 10, 10, -10, 10, -10, 10, 10, 10, 10, 10, 10, 10, 10, 10, 10, 10, 10, 10, 10, 10, 10, 10, 10, 10, 10, 10, 10, 10, 10, 10, 10, 10, 10, 10, 10, -10, 10, 10, 10, 10, 10, 10, 10, 10, 10, 10, 10, 10, 10, -10, 10, 10]
Medias: [(0, 0, 0), (233, 151, 0), (5116, 3412, 28), (5552, 3702, 36), (4371, 2913, 49), (176, 114, 0), (288, 190, 0), (5148, 3432, 52), (3048, 2033, 37), (462, 306, 2), (276, 183, 0), (298, 199, 0), (1125, 749, 0), (2626, 1751, 30), (853, 565, 34), (4047, 2698, 56), (1788, 1193, 41), (210, 137, 0), (220, 146, 0), (244, 161, 0), (4073, 2715, 0), (555, 364, 0), (423, 284, 0), (353, 233, 0), (173, 108, 0), (396, 263, 0), (202, 135, 0), (202, 134, 0), (4789, 3194, 0), (340, 225, 0), (323, 215, 0), (291, 192, 0), (4563, 3042, 0), (174, 108, 0), (286, 193, 0), (194, 126, 0), (262, 173, 0), (5404, 3603, 0), (172, 116, 0), (422, 281, 0), (4265, 2845, 0), (3072, 2049, 48), (282, 186, 0), (194, 132, 0), (195, 128, 0), (348, 233, 0), (2442, 1628, 0), (1339, 892, 23), (272, 180, 0), (255, 165, 0), (170, 111, 0), (185, 117, 0), (241, 159, 0), (193, 123, 0), (5217, 3477, 0), (168, 106, 0), (293, 197, 0), (253, 169, 0), (315, 209, 0), (149, 98, 0), (199, 133, 0), (1079, 717, 0), (154, 97, 0), (225, 149, 0)]
Episode:  6 / 20 Score:  63 epsilon:  0.009756714760036816 ação:  0 TempoEpisodio: 4044.2250468730927 Reward: 10
listaacao: [0, 1, 0, 0, 0, 0, 0, 1, 1, 1, 1, 1, 1, 0, 0, 0, 1, 1, 0, 0, 0, 1, 0, 1, 0, 1, 1, 1, 0, 0, 1, 0, 0, 1, 1, 0, 1, 0, 0, 0, 1, 0, 0, 1, 1, 1, 0, 0, 0, 0, 0, 0, 0, 0, 0, 0, 0, 0, 1, 0, 0, 0, 0, 0]
listaRecompensa: [0, 10, 10, 10, 10, 10, -10, 10, 10, 10, 10, 10, 10, -10, -10, -10, 10, 10, 10, -10, -10, -10, 10, 10, 10, 10, 10, -10, -10, -10, 10, 10, 10, 10, -10, 10, -10, 10, 10, -10, 10, 10, -10, 10, 10, 10, -10, 10, 10, 10, 10, 10, 10, 10, 10, 10, 10, 10, 10, 10, 10, 10, 10, 10]
Medias: [(0, 0, 0), (4927, 3285, 0), (165, 100, 0), (163, 103, 0), (207, 140, 0), (496, 329, 0), (3626, 2417, 0), (1086, 718, 0), (3431, 2287, 57), (1783, 1187, 43), (2137, 1421, 47), (2238, 1489, 54), (5000, 3332, 46), (1788, 1191, 49), (199, 128, 2), (3726, 2483, 0), (3645, 2430, 0), (4559, 3040, 55), (315, 210, 0), (286, 190, 6), (2690, 1795, 0), (183, 121, 0), (193, 130, 0), (4441, 2961, 57), (274, 184, 0), (4860, 3241, 59), (4128, 2752, 44), (207, 136, 0), (398, 264, 4), (357, 236, 3), (4617, 3078, 0), (199, 127, 0), (176, 108, 0), (4018, 2679, 0), (272, 185, 0), (245, 156, 0), (694, 463, 0), (159, 106, 0), (173, 112, 0), (1218, 808, 0), (2083, 1388, 0), (329, 216, 0), (251, 170, 12), (2465, 1640, 0), (1227, 815, 33), (3579, 2385, 49), (385, 255, 20), (161, 106, 0), (241, 160, 0), (214, 144, 0), (159, 105, 0), (179, 116, 0), (229, 152, 0), (154, 94, 0), (468, 314, 0), (187, 127, 0), (529, 353, 0), (206, 136, 0), (5096, 3399, 0), (209, 138, 0), (289, 194, 0), (309, 204, 0), (163, 109, 0), (163, 105, 0)]
Episode:  7 / 20 Score:  63 epsilon:  0.009756714760036816 ação:  0 TempoEpisodio: 4044.2701439857483 Reward: 10
listaacao: [0, 0, 0, 1, 1, 1, 0, 0, 0, 0, 0, 0, 0, 0, 0, 1, 0, 0, 0, 1, 0, 0, 0, 0, 0, 0, 1, 1, 1, 0, 0, 0, 0, 0, 0, 0, 0, 0, 1, 1, 1, 1, 0, 0, 0, 1, 1, 0, 0, 0, 0, 1, 0, 0, 0, 0, 1, 1, 0, 0, 1, 0, 0, 0]
listaRecompensa: [0, 10, 10, -10, 10, 10, 10, 10, 10, 10, 10, 10, 10, -10, 10, 10, 10, 10, 10, 10, 10, 10, 10, 10, 10, 10, 10, 10, 10, 10, 10, 10, 10, 10, 10, 10, 10, 10, 10, 10, 10, 10, -10, -10, 10, 10, 10, 10, -10, 10, 10, 10, 10, 10, 10, 10, 10, 10, -10, 10, 10, 10, 10, 10]
Medias: [(0, 0, 0), (223, 144, 0), (405, 270, 0), (580, 382, 0), (3700, 2466, 44), (2409, 1603, 43), (296, 194, 0), (311, 205, 0), (191, 125, 0), (362, 236, 0), (180, 118, 0), (201, 105, 0), (537, 354, 0), (3704, 2469, 0), (253, 172, 0), (4913, 3277, 0), (266, 177, 0), (217, 146, 0), (208, 137, 0), (5633, 3754, 0), (552, 368, 0), (163, 105, 0), (205, 135, 0), (184, 123, 0), (178, 115, 0), (434, 292, 0), (4507, 3004, 0), (4067, 2711, 45), (5132, 3421, 52), (279, 185, 0), (355, 235, 0), (247, 164, 0), (210, 140, 0), (177, 113, 0), (371, 248, 0), (321, 213, 0), (291, 194, 0), (187, 118, 0), (2232, 1486, 0), (4168, 2777, 34), (1868, 1245, 47), (2731, 1821, 43), (695, 464, 27), (3347, 2230, 0), (335, 224, 0), (2354, 1542, 0), (5033, 3355, 48), (156, 102, 0), (5083, 3388, 52), (286, 193, 0), (426, 285, 0), (5307, 3538, 0), (171, 115, 0), (261, 175, 0), (171, 109, 0), (230, 152, 0), (4851, 3235, 0), (4667, 3112, 18), (211, 140, 2), (313, 203, 0), (4390, 2925, 0), (182, 121, 0), (161, 102, 0), (277, 182, 0)]
Episode:  8 / 20 Score:  63 epsilon:  0.009756714760036816 ação:  1 TempoEpisodio: 4043.552562713623 Reward: 10
listaacao: [1, 0, 0, 0, 0, 0, 1, 0, 0, 0, 1, 1, 0, 0, 0, 0, 0, 1, 1, 1, 1, 1, 0, 0, 1, 1, 0, 0, 0, 1, 1, 0, 0, 0, 0, 0, 0, 1, 0, 0, 0, 0, 0, 0, 0, 1, 0, 0, 0, 0, 0, 0, 0, 1, 0, 1, 0, 0, 1, 0, 0, 1, 1, 1]
listaRecompensa: [0, 10, 10, 10, 10, -10, 10, 10, 10, -10, 10, 10, 10, -10, 10, 10, 10, 10, 10, 10, 10, 10, 10, -10, -10, 10, 10, 10, 10, -10, 10, 10, 10, 10, 10, 10, 10, 10, 10, 10, 10, 10, 10, 10, 10, 10, 10, -10, 10, 10, 10, 10, 10, 10, 10, 10, 10, -10, 10, 10, 10, 10, 10, 10]
Medias: [(0, 0, 0), (210, 138, 0), (260, 154, 0), (489, 325, 0), (306, 209, 0), (3292, 2195, 0), (1170, 777, 0), (329, 217, 0), (479, 321, 0), (3499, 2333, 0), (4240, 2827, 0), (3403, 2269, 14), (337, 223, 0), (276, 179, 1), (166, 104, 0), (202, 138, 0), (212, 134, 0), (5152, 3435, 0), (4284, 2857, 43), (4926, 3283, 46), (4498, 2927, 51), (3467, 2311, 40), (177, 113, 0), (202, 124, 1), (155, 102, 0), (4420, 2948, 18), (219, 145, 0), (239, 156, 0), (314, 210, 0), (999, 665, 0), (3377, 2254, 25), (362, 243, 0), (205, 133, 0), (164, 104, 0), (297, 191, 0), (269, 177, 0), (239, 159, 0), (3303, 2201, 0), (697, 462, 0), (346, 231, 0), (270, 179, 0), (165, 105, 0), (341, 229, 0), (197, 131, 0), (256, 172, 0), (4823, 3215, 0), (207, 139, 0), (207, 140, 10), (285, 187, 0), (362, 238, 0), (307, 206, 0), (171, 112, 0), (300, 200, 0), (3839, 2559, 0), (166, 108, 0), (4847, 3232, 52), (221, 150, 0), (266, 173, 2), (3459, 2304, 0), (235, 151, 0), (272, 176, 0), (1233, 822, 0), (4343, 2894, 49), (2358, 1571, 49)]
Episode:  9 / 20 Score:  63 epsilon:  0.009756714760036816 ação:  0 TempoEpisodio: 4044.0297186374664 Reward: 10
listaacao: [0, 0, 0, 0, 0, 0, 0, 0, 0, 0, 0, 1, 0, 0, 0, 0, 1, 1, 0, 1, 0, 0, 0, 0, 1, 1, 1, 1, 1, 1, 0, 0, 0, 0, 0, 0, 0, 0, 0, 0, 0, 0, 1, 0, 0, 1, 1, 0, 0, 0, 0, 0, 1, 0, 0, 0, 0, 1, 1, 0, 1, 0, 0, 0]
listaRecompensa: [0, 10, 10, 10, 10, 10, 10, 10, 10, 10, 10, 10, 10, -10, 10, 10, 10, 10, 10, 10, 10, 10, 10, 10, 10, 10, 10, 10, 10, 10, -10, 10, 10, 10, 10, 10, 10, 10, 10, 10, 10, 10, -10, 10, 10, 10, 10, 10, 10, 10, 10, 10, 10, -10, 10, 10, 10, 10, 10, 10, -10, 10, -10, 10]
Medias: [(0, 0, 0), (249, 167, 0), (414, 277, 0), (302, 204, 0), (252, 169, 0), (215, 143, 0), (203, 131, 0), (168, 109, 0), (252, 168, 0), (532, 354, 0), (269, 178, 0), (4217, 2809, 0), (237, 157, 0), (4469, 2979, 34), (245, 164, 0), (196, 129, 0), (4851, 3234, 0), (4613, 3076, 30), (251, 167, 0), (4661, 3107, 53), (213, 139, 0), (256, 169, 0), (254, 165, 0), (298, 198, 0), (4217, 2811, 0), (612, 408, 37), (4178, 2785, 41), (2524, 1682, 39), (2167, 1444, 53), (3097, 2065, 46), (208, 133, 4), (163, 107, 0), (254, 168, 0), (375, 249, 0), (273, 182, 0), (163, 108, 0), (257, 170, 0), (201, 133, 0), (340, 226, 0), (216, 144, 0), (215, 145, 0), (153, 101, 0), (270, 180, 0), (313, 210, 0), (165, 110, 0), (5083, 3388, 0), (4094, 2731, 49), (201, 133, 0), (229, 154, 0), (177, 120, 0), (259, 174, 0), (172, 116, 0), (5173, 3449, 0), (168, 109, 1), (219, 146, 0), (202, 133, 0), (410, 271, 0), (1503, 1002, 0), (3074, 2049, 24), (298, 198, 0), (297, 197, 0), (171, 113, 0), (2783, 1851, 0), (803, 535, 0)]
Episode:  10 / 20 Score:  63 epsilon:  0.009756714760036816 ação:  0 TempoEpisodio: 4047.346927165985 Reward: 10
listaacao: [0, 0, 0, 0, 0, 0, 1, 0, 1, 0, 0, 0, 0, 0, 0, 0, 0, 0, 0, 0, 1, 0, 1, 0, 0, 0, 1, 1, 1, 0, 0, 0, 0, 1, 0, 0, 0, 1, 0, 0, 0, 1, 0, 0, 0, 0, 0, 0, 1, 0, 0, 0, 0, 0, 1, 0, 0, 0, 0, 0, 0, 0, 0, 0]
listaRecompensa: [0, 10, 10, 10, 10, 10, 10, 10, 10, 10, 10, 10, 10, 10, 10, 10, 10, 10, 10, 10, 10, -10, 10, -10, 10, 10, 10, 10, 10, -10, -10, 10, 10, 10, 10, 10, 10, -10, 10, 10, 10, 10, 10, 10, 10, 10, 10, 10, 10, 10, -10, 10, 10, 10, 10, 10, 10, 10, 10, 10, 10, 10, -10, 10]
Medias: [(0, 0, 0), (215, 146, 0), (256, 167, 0), (157, 105, 0), (163, 103, 0), (387, 255, 0), (5313, 3542, 0), (248, 168, 0), (4221, 2814, 60), (369, 243, 0), (165, 103, 0), (243, 160, 0), (161, 100, 0), (174, 114, 0), (174, 118, 0), (374, 247, 0), (208, 138, 0), (284, 184, 0), (184, 116, 0), (163, 101, 0), (3698, 2465, 0), (793, 527, 29), (4066, 2712, 52), (424, 280, 3), (178, 118, 0), (243, 164, 0), (2310, 1541, 0), (5207, 3471, 22), (4539, 2908, 47), (3779, 2520, 27), (1235, 822, 30), (364, 241, 0), (193, 130, 0), (3185, 2123, 0), (154, 101, 0), (164, 106, 0), (252, 165, 0), (401, 268, 0), (196, 128, 0), (317, 207, 0), (207, 138, 0), (4758, 3172, 0), (233, 154, 0), (165, 108, 0), (339, 226, 0), (163, 107, 0), (247, 160, 0), (373, 248, 0), (4865, 3244, 0), (268, 177, 0), (3262, 2174, 56), (171, 109, 0), (162, 108, 0), (649, 433, 0), (2226, 1483, 0), (613, 409, 0), (181, 122, 0), (193, 124, 0), (163, 108, 0), (169, 112, 0), (218, 144, 0), (317, 210, 0), (4687, 3125, 0), (174, 118, 0)]
Episode:  11 / 20 Score:  63 epsilon:  0.009756714760036816 ação:  1 TempoEpisodio: 4049.8332946300507 Reward: 10
listaacao: [1, 1, 0, 0, 1, 0, 0, 0, 1, 0, 1, 1, 0, 0, 0, 1, 1, 1, 0, 0, 0, 1, 0, 0, 0, 0, 0, 0, 0, 0, 0, 1, 0, 0, 0, 0, 0, 1, 1, 0, 0, 0, 0, 0, 1, 1, 1, 1, 1, 1, 0, 0, 1, 1, 0, 0, 0, 0, 0, 0, 0, 0, 0, 1]
listaRecompensa: [0, 10, 10, 10, 10, 10, 10, 10, 10, 10, 10, 10, 10, 10, 10, -10, 10, 10, -10, 10, 10, -10, 10, 10, 10, 10, 10, 10, 10, 10, 10, 10, 10, 10, 10, 10, 10, 10, 10, -10, 10, 10, 10, 10, 10, 10, 10, 10, 10, 10, -10, 10, 10, 10, -10, 10, 10, 10, 10, 10, 10, 10, 10, 10]
Medias: [(0, 0, 0), (5141, 3429, 54), (172, 114, 0), (193, 127, 0), (4399, 2933, 0), (276, 184, 0), (186, 121, 0), (217, 143, 0), (5447, 3631, 0), (219, 146, 0), (4879, 3253, 51), (5445, 3629, 48), (202, 133, 0), (194, 123, 0), (165, 107, 0), (791, 526, 0), (3335, 2223, 54), (1179, 784, 41), (2759, 1840, 43), (225, 150, 0), (157, 104, 0), (241, 159, 0), (192, 128, 0), (307, 204, 0), (250, 165, 0), (410, 271, 0), (151, 101, 0), (225, 149, 0), (477, 318, 0), (250, 166, 0), (189, 119, 0), (4214, 2809, 0), (220, 150, 0), (757, 508, 0), (160, 103, 0), (223, 146, 0), (167, 108, 0), (4007, 2672, 0), (3786, 2525, 48), (292, 192, 2), (538, 357, 0), (276, 183, 0), (216, 147, 0), (399, 266, 0), (3511, 2340, 0), (1115, 743, 48), (3230, 2152, 42), (4089, 2725, 48), (3425, 2282, 38), (2209, 1471, 42), (397, 266, 1), (213, 144, 0), (2867, 1913, 0), (4497, 2998, 16), (824, 547, 28), (370, 245, 0), (411, 270, 0), (191, 125, 0), (245, 162, 0), (184, 120, 0), (255, 167, 0), (209, 138, 0), (357, 214, 0), (4282, 2856, 0)]
Episode:  12 / 20 Score:  63 epsilon:  0.009756714760036816 ação:  0 TempoEpisodio: 4048.315541267395 Reward: 10
listaacao: [0, 0, 0, 0, 0, 0, 0, 1, 0, 1, 1, 0, 0, 1, 1, 0, 0, 0, 0, 0, 0, 0, 0, 0, 0, 0, 0, 1, 1, 0, 0, 0, 1, 1, 0, 0, 0, 1, 1, 0, 0, 1, 1, 0, 1, 1, 1, 0, 0, 0, 1, 0, 1, 0, 0, 1, 0, 0, 1, 0, 0, 1, 1, 0]
listaRecompensa: [0, 10, 10, 10, 10, 10, 10, 10, 10, 10, 10, -10, -10, 10, 10, -10, 10, 10, 10, 10, 10, 10, 10, 10, 10, 10, 10, 10, 10, 10, 10, 10, 10, 10, 10, 10, 10, 10, -10, 10, 10, 10, 10, 10, 10, 10, 10, -10, 10, 10, 10, 10, 10, 10, 10, 10, 10, -10, 10, -10, 10, 10, 10, 10]
Medias: [(0, 0, 0), (223, 146, 0), (501, 333, 0), (178, 117, 0), (249, 164, 0), (434, 286, 0), (280, 187, 0), (4436, 2958, 0), (191, 121, 0), (881, 587, 1), (3207, 2137, 42), (179, 119, 15), (209, 140, 8), (2027, 1345, 0), (1845, 1229, 55), (198, 128, 1), (279, 186, 0), (186, 125, 0), (340, 227, 0), (334, 223, 0), (251, 167, 0), (267, 179, 0), (200, 131, 0), (190, 126, 0), (168, 107, 0), (228, 153, 0), (162, 100, 0), (4861, 3242, 0), (4152, 2722, 28), (257, 169, 0), (650, 433, 0), (189, 125, 0), (3673, 2448, 0), (4964, 3310, 39), (450, 298, 0), (151, 99, 0), (269, 180, 0), (4604, 3069, 0), (228, 154, 0), (302, 201, 0), (205, 139, 0), (1454, 967, 0), (2829, 1884, 31), (294, 195, 0), (2689, 1793, 0), (1620, 896, 41), (2931, 1952, 50), (911, 609, 44), (245, 160, 0), (181, 119, 0), (4668, 2974, 0), (409, 271, 0), (4257, 2839, 41), (176, 112, 0), (233, 154, 0), (3519, 2347, 0), (167, 109, 0), (287, 192, 3), (3730, 2488, 0), (367, 244, 3), (238, 157, 0), (4884, 3256, 0), (4873, 3249, 56), (182, 122, 0)]
Episode:  13 / 20 Score:  63 epsilon:  0.009756714760036816 ação:  0 TempoEpisodio: 4049.9248852729797 Reward: 10
listaacao: [0, 1, 1, 0, 0, 0, 0, 0, 0, 0, 0, 0, 1, 0, 0, 0, 0, 0, 1, 0, 0, 1, 0, 1, 1, 1, 1, 0, 1, 0, 0, 0, 1, 1, 1, 0, 0, 1, 1, 0, 0, 0, 0, 0, 0, 1, 0, 0, 0, 0, 0, 0, 0, 0, 0, 1, 0, 1, 1, 0, 0, 0, 0, 0]
listaRecompensa: [0, 10, 10, 10, 10, 10, 10, 10, 10, 10, 10, 10, 10, 10, 10, 10, 10, 10, 10, 10, 10, 10, 10, 10, 10, 10, 10, 10, 10, 10, 10, 10, 10, 10, 10, 10, 10, 10, 10, 10, 10, 10, 10, 10, 10, 10, 10, 10, 10, 10, 10, 10, 10, 10, 10, 10, -10, 10, 10, 10, 10, 10, 10, 10]
Medias: [(0, 0, 0), (4554, 3035, 0), (3387, 2258, 18), (183, 121, 0), (297, 197, 0), (236, 156, 0), (258, 170, 0), (243, 161, 0), (301, 199, 0), (329, 222, 0), (282, 191, 0), (289, 195, 0), (3278, 2187, 0), (877, 582, 0), (169, 109, 0), (231, 155, 0), (198, 132, 0), (167, 110, 0), (4926, 3284, 0), (263, 178, 0), (237, 157, 0), (4362, 2909, 0), (191, 122, 0), (4553, 3034, 16), (5759, 3841, 38), (4028, 2684, 40), (5295, 3530, 52), (440, 291, 0), (4505, 3004, 60), (180, 123, 0), (764, 511, 0), (166, 108, 0), (3544, 2363, 0), (1075, 716, 53), (3162, 2108, 50), (440, 293, 0), (199, 130, 0), (2227, 1483, 0), (2043, 1362, 50), (206, 135, 0), (203, 134, 0), (261, 178, 0), (183, 121, 0), (163, 105, 0), (253, 167, 0), (4804, 3203, 0), (279, 184, 0), (163, 106, 0), (171, 109, 0), (168, 114, 0), (165, 105, 0), (256, 171, 0), (523, 352, 0), (435, 288, 0), (426, 284, 0), (4929, 3287, 0), (244, 164, 7), (4063, 2710, 51), (4015, 2678, 38), (216, 142, 0), (288, 192, 0), (279, 185, 0), (261, 169, 0), (221, 142, 0)]
Episode:  14 / 20 Score:  63 epsilon:  0.009756714760036816 ação:  0 TempoEpisodio: 4046.9589779376984 Reward: 10
listaacao: [1, 1, 1, 1, 0, 0, 0, 0, 0, 0, 0, 0, 0, 0, 0, 0, 1, 0, 1, 0, 0, 1, 0, 0, 0, 1, 0, 0, 0, 1, 1, 1, 1, 1, 1, 0, 1, 0, 1, 0, 0, 1, 0, 0, 0, 0, 0, 1, 1, 0, 0, 1, 0, 0, 0, 0, 1, 1, 0, 0, 0, 1, 1, 0]
listaRecompensa: [0, 10, 10, 10, -10, 10, 10, 10, 10, 10, 10, 10, 10, 10, 10, 10, 10, 10, 10, 10, 10, 10, 10, 10, 10, 10, 10, 10, 10, 10, 10, 10, 10, 10, -10, 10, 10, 10, 10, 10, 10, 10, 10, 10, 10, 10, 10, 10, 10, -10, 10, 10, 10, 10, 10, 10, -10, 10, 10, 10, 10, 10, 10, 10]
Medias: [(0, 0, 0), (2699, 1799, 53), (5225, 3484, 51), (2135, 1424, 53), (247, 164, 2), (196, 128, 0), (221, 144, 0), (195, 130, 0), (272, 177, 0), (161, 101, 0), (218, 145, 0), (262, 172, 0), (180, 118, 0), (250, 165, 0), (211, 138, 0), (174, 120, 0), (5041, 3359, 0), (158, 102, 0), (4138, 2759, 55), (595, 396, 0), (195, 126, 0), (4891, 3260, 0), (176, 117, 0), (167, 106, 0), (255, 170, 0), (3830, 2554, 0), (164, 109, 0), (180, 116, 0), (307, 191, 0), (1574, 1048, 0), (4597, 3063, 45), (2219, 1481, 49), (2344, 1562, 44), (1317, 879, 52), (342, 228, 0), (371, 244, 0), (728, 485, 1), (159, 104, 0), (5043, 3361, 52), (187, 122, 0), (350, 233, 0), (2349, 1472, 0), (174, 110, 0), (352, 232, 0), (265, 177, 0), (166, 111, 0), (194, 123, 0), (3757, 2504, 0), (4726, 3150, 28), (335, 225, 5), (157, 106, 0), (5007, 3339, 0), (297, 196, 0), (742, 492, 0), (185, 121, 0), (233, 155, 0), (845, 562, 0), (3774, 2515, 18), (168, 108, 0), (246, 163, 0), (187, 124, 0), (2376, 1583, 0), (1616, 1077, 42), (269, 181, 0)]
Episode:  15 / 20 Score:  63 epsilon:  0.009756714760036816 ação:  0 TempoEpisodio: 4046.5797214508057 Reward: -10
listaacao: [1, 0, 0, 0, 0, 0, 0, 0, 0, 1, 0, 0, 0, 1, 1, 1, 0, 0, 0, 0, 0, 0, 1, 1, 1, 0, 0, 0, 1, 1, 1, 0, 0, 0, 1, 0, 0, 0, 0, 0, 1, 0, 1, 0, 1, 0, 0, 0, 0, 0, 0, 0, 1, 0, 0, 0, 0, 0, 0, 0, 0, 1, 1, 0]
listaRecompensa: [0, -10, 10, 10, 10, 10, 10, 10, 10, 10, 10, 10, 10, 10, -10, -10, 10, 10, 10, 10, 10, 10, 10, 10, 10, 10, 10, -10, 10, 10, 10, -10, 10, 10, 10, 10, 10, 10, 10, 10, 10, 10, 10, 10, 10, 10, -10, 10, 10, 10, 10, 10, 10, -10, 10, 10, 10, 10, 10, 10, 10, 10, 10, -10]
Medias: [(0, 0, 0), (1177, 788, 0), (393, 261, 0), (152, 102, 0), (441, 294, 0), (224, 146, 0), (220, 146, 0), (280, 183, 0), (231, 153, 0), (4479, 2984, 0), (173, 114, 0), (207, 138, 0), (311, 205, 0), (2703, 1802, 0), (304, 202, 0), (229, 153, 0), (167, 109, 0), (264, 174, 0), (229, 148, 0), (246, 162, 0), (304, 205, 0), (228, 153, 0), (1003, 669, 0), (4776, 3183, 34), (2790, 1859, 45), (190, 128, 0), (165, 111, 0), (2936, 1958, 0), (1953, 1299, 0), (2828, 1887, 46), (1547, 1031, 45), (299, 197, 1), (180, 119, 0), (242, 161, 0), (4819, 3213, 0), (218, 145, 0), (227, 150, 0), (278, 183, 0), (285, 190, 0), (195, 130, 0), (5259, 3504, 0), (155, 98, 0), (5192, 3462, 52), (156, 99, 0), (5014, 3342, 45), (326, 216, 0), (419, 277, 10), (397, 181, 0), (366, 244, 0), (227, 152, 0), (200, 135, 0), (275, 182, 0), (1100, 703, 0), (1100, 703, 0), (201, 135, 0), (277, 183, 0), (215, 140, 0), (164, 105, 0), (197, 130, 0), (210, 138, 0), (344, 229, 0), (3776, 2516, 0), (3277, 2183, 20), (410, 271, 2)]
Episode:  16 / 20 Score:  63 epsilon:  0.009756714760036816 ação:  1 TempoEpisodio: 4050.2754073143005 Reward: 10
listaacao: [0, 1, 0, 0, 1, 0, 1, 0, 1, 0, 0, 0, 0, 1, 1, 0, 1, 1, 1, 1, 1, 1, 1, 1, 0, 1, 0, 1, 1, 1, 0, 0, 0, 0, 0, 1, 1, 0, 0, 0, 0, 1, 1, 0, 1, 0, 1, 1, 1, 1, 1, 1, 1, 1, 1, 1, 0, 1, 0, 0, 0, 1, 0, 1]
listaRecompensa: [0, 10, 10, 10, 10, -10, 10, -10, 10, 10, 10, 10, 10, 10, 10, 10, -10, 10, 10, 10, 10, 10, 10, 10, 10, 10, -10, -10, 10, 10, 10, -10, 10, 10, 10, 10, 10, 10, 10, 10, 10, 10, 10, 10, 10, -10, 10, 10, 10, 10, 10, 10, 10, 10, 10, 10, -10, 10, 10, 10, 10, 10, 10, 10]
Medias: [(0,0,0), 4372,2915,0),(157,102,0),(168,104,0),(4863,3241,0),(353,236, 4), (4882, 3256, 35), (3543, 2198, 35), (4199,2800,52), (186,120,0), (240, 161, 0), (481, 320,0),(247,162,0),(5270,3514,0), (4168,2780,45), (173, 106, 0), (802, 535, 0), (3040, 2026, 30), (1015, 677, 59), (3535, 2355, 35), (3565, 2376, 45), (2650, 1767, 42), (2663, 1774, 52),(1895, 1260, 56), (177, 113, 0), (2788, 1858, 0), (912, 606, 37), (468, 311, 0), (4175, 2784, 32), (4242, 2797, 50), (205, 132, 0), (411,272,5), (211,141,0), (415, 277, 0), (221, 151, 0), (5738, 3824, 0), (5848, 3900, 40), (215, 143, 0), (175, 118, 0), (202, 137, 0), (182, 120, 0), (3644, 2430, 0), (246, 166, 6), (172, 110, 0), (3471, 2316, 20), (341, 224, 27), (3284, 2189, 51), (983, 654, 41), (3122, 2081, 52), (1957, 1303, 46), (4749, 3166, 47), (2045, 1363, 47), (3155, 2098, 14), (1376, 916, 39), (3428, 2283, 54), (5075, 3384, 52), (563, 376, 55), (4579, 3053, 51), (278, 187, 0), (176, 117, 0), (213, 143, 0), (3786, 2525, 0), (236, 155, 0), (5536, 3693, 54)]
Episode:  17 / 20 Score:  63 epsilon:  0.009756714760036816 ação:  1 TempoEpisodio: 4050.3944249153137 Reward: 10
listaacao: [0, 0, 1, 0, 0, 0, 1, 1, 0, 1, 0, 0, 0, 1, 1, 0, 0, 1, 1, 0, 0, 0, 0, 0, 0, 0, 1, 0, 0, 0, 0, 1, 1, 0, 1, 0, 0, 0, 0, 1, 1, 0, 0, 0, 1, 1, 0, 1, 0, 0, 0, 0, 1, 0, 0, 1, 0, 0, 0, 0, 1, 0, 0, 1]
listaRecompensa: [0, 10, 10, 10, 10, 10, 10, 10, -10, 10, 10, 10, 10, 10, 10, 10, 10, 10, 10, 10, 10, 10, 10, 10, 10, 10, 10, 10, 10, 10, 10, 10, 10, 10, 10, 10, 10, 10, 10, -10, 10, 10, 10, 10, 10, 10, 10, 10, 10, 10, 10, 10, 10, 10, 10, 10, 10, 10, 10, 10, 10, 10, 10, 10]
Medias: [(0, 0, 0), (354, 238, 0), (4276, 2851, 0), (201, 103, 0), (284, 190, 0), (473, 317, 0), (4615, 3077, 0), (4470, 2982, 42), (233, 156, 2), (4548, 3030, 20), (184, 125, 0), (425, 281, 0), (267, 179, 0), (1366, 910, 0), (2332, 1554, 53), (416, 280, 0), (297, 198, 0), (3471, 2314, 0), (998, 664, 30), (226, 150, 0), (162, 107, 0), (161, 109, 0), (183, 121, 0), (169, 111, 0), (237, 140, 0), (295, 194, 0), (4956, 3303, 0), (205, 138, 0), (156, 102, 0), (171, 109, 0), (570, 380, 0), (5039, 3360, 0), (5108, 3407, 28), (544, 364, 0), (4413, 2942, 33), (418, 275, 0), (288, 187, 0), (275, 184, 0), (177, 110, 0), (776, 519, 0), (3199, 2134, 23), (309, 206, 0), (266, 178, 0), (237, 156, 0), (2478, 1651, 0), (1141, 763, 22), (196, 128, 0), (2977, 1985, 2), (396, 260, 0), (187, 122, 0), (401, 268, 0), (189, 122, 0), (5139, 3427, 0), (172, 109, 0), (258, 171, 0), (4434, 2957, 0), (481, 324, 0), (223, 146, 0), (599, 398, 0), (169, 110, 0), (2778, 1852, 0), (472, 313, 0), (163, 102, 0), (4141, 2760, 0)]
Episode:  18 / 20 Score:  63 epsilon:  0.009756714760036816 ação:  0 TempoEpisodio: 4048.0875945091248 Reward: 10
listaacao: [0, 0, 0, 1, 1, 1, 1, 1, 1, 0, 0, 1, 0, 0, 1, 0, 1, 0, 1, 0, 1, 0, 1, 0, 0, 0, 0, 0, 0, 1, 0, 0, 0, 0, 1, 0, 0, 0, 1, 1, 0, 1, 1, 0, 1, 0, 0, 0, 1, 1, 1, 0, 0, 1, 0, 0, 1, 0, 1, 0, 1, 0, 0, 0]
listaRecompensa: [0, 10, 10, -10, 10, 10, 10, 10, 10, 10, -10, 10, -10, 10, -10, -10, 10, 10, 10, 10, 10, 10, -10, 10, 10, 10, 10, 10, 10, 10, 10, 10, 10, 10, 10, 10, 10, 10, 10, 10, 10, 10, 10, 10, 10, 10, -10, 10, -10, 10, 10, -10, -10, 10, -10, 10, 10, 10, 10, 10, 10, 10, 10, 10]
Medias: [(0, 0, 0), (346, 227, 0), (330, 220, 0), (890, 591, 0), (4851, 3234, 15), (3796, 2530, 44), (3478, 2319, 42), (2056, 1370, 52), (2326, 1548, 47), (236, 156, 0), (202, 132, 1), (3088, 2058, 0), (714, 475, 32), (292, 194, 0), (281, 185, 0), (242, 160, 2), (4885, 3257, 17), (167, 111, 0), (3556, 2370, 41), (170, 107, 0), (5259, 3467, 53), (197, 131, 0), (210, 140, 0), (320, 214, 0), (249, 164, 0), (181, 124, 0), (211, 139, 0), (195, 130, 0), (158, 99, 0), (3434, 2290, 0), (220, 143, 0), (193, 126, 0), (338, 224, 0), (577, 381, 0), (3149, 2098, 0), (361, 242, 0), (340, 227, 0), (201, 135, 0), (2956, 1973, 0), (1666, 1109, 45), (190, 127, 0), (2630, 1752, 0), (4217, 2811, 58), (153, 100, 0), (3898, 2599, 51), (177, 118, 0), (289, 190, 1), (291, 192, 0), (420, 279, 0), (5036, 3358, 16), (4309, 2872, 46), (208, 136, 16), (408, 272, 1), (4145, 2765, 0), (609, 407, 1), (170, 109, 0), (4632, 3089, 0), (159, 101, 0), (3983, 2656, 0), (262, 174, 0), (4431, 2954, 27), (297, 198, 0), (350, 229, 0), (386, 256, 0)]
Episode:  19 / 20 Score:  63 epsilon:  0.009756714760036816 ação:  0 TempoEpisodio: 4046.972588300705 Reward: 10
listaacao: [1, 1, 1, 0, 0, 1, 1, 0, 0, 1, 0, 0, 0, 0, 0, 1, 0, 0, 0, 1, 0, 0, 0, 0, 0, 0, 0, 0, 0, 1, 0, 0, 1, 1, 0, 1, 0, 0, 0, 0, 0, 0, 0, 0, 0, 1, 0, 0, 0, 0, 1, 0, 1, 0, 1, 1, 0, 0, 0, 0, 0, 0, 0, 0]
listaRecompensa: [0, 10, 10, -10, -10, 10, -10, 10, -10, 10, 10, -10, 10, 10, 10, 10, 10, 10, 10, 10, 10, 10, 10, 10, 10, 10, 10, 10, 10, -10, -10, 10, 10, 10, 10, 10, 10, 10, 10, 10, 10, 10, 10, 10, 10, 10, 10, 10, 10, 10, 10, -10, 10, 10, -10, 10, 10, -10, 10, 10, 10, 10, 10, 10]
Medias: [(0, 0, 0), (1584, 1054, 42), (4099, 2734, 47), (860, 575, 28), (2452, 1634, 0), (1721, 1146, 0), (256, 172, 0), (307, 203, 0), (184, 124, 1), (4185, 2790, 0), (263, 176, 0), (353, 235, 10), (171, 112, 0), (251, 166, 0), (381, 254, 0), (4752, 3168, 0), (242, 162, 0), (374, 249, 0), (310, 209, 0), (2975, 1985, 0), (421, 278, 0), (552, 367, 0), (258, 173, 0), (193, 127, 0), (176, 114, 0), (186, 120, 0), (221, 146, 0), (395, 263, 0), (185, 122, 0), (631, 423, 0), (2229, 1485, 48), (300, 199, 0), (2830, 1888, 0), (1879, 1252, 47), (292, 195, 0), (3026, 2019, 1), (576, 383, 0), (203, 135, 0), (217, 142, 0), (224, 147, 0), (342, 228, 0), (166, 106, 0), (203, 131, 0), (250, 163, 0), (304, 203, 0), (3617, 2412, 0), (185, 123, 0), (210, 139, 0), (275, 186, 0), (183, 122, 0), (4023, 2684, 0), (215, 142, 2), (1547, 1031, 53), (253, 168, 0), (329, 219, 0), (3668, 2449, 15), (169, 109, 0), (188, 123, 1), (234, 154, 0), (235, 156, 0), (200, 132, 0), (182, 118, 0), (168, 110, 0), (167, 110, 0)]

